1432
1 4 39 40 41 42 5 3
2 6 25 26 27 28 29 30 4 5
3 8 9 10 11 12 13 14 15 16 5 4
4 3 118 119 120 30 4
5 7 102 103 104 105 106 107 108 16 1
6 6 96 97 98 99 100 101 30 3
7 7 85 86 87 88 89 90 91 25 5
8 8 31 32 33 34 35 36 37 38 2 4
9 4 21 22 23 24 1 4
10 4 17 18 19 20 4 5
11 3 1184 1185 1186 14 1
12 5 160 161 162 163 164 37 1
13 4 133 134 135 136 22 3
14 4 121 122 123 124 28 3
15 6 96 97 98 99 100 101 25 3
16 5 66 67 68 69 70 8 4
17 7 206 207 208 209 210 211 212 30 3
18 5 149 150 151 152 153 29 5
19 3 125 126 127 25 1
20 10 49 50 51 52 53 54 55 56 57 58 1 3
21 4 666 667 668 669 12 4
22 6 154 155 156 157 158 159 34 5
23 4 92 93 94 95 22 5
24 6 43 44 45 46 47 48 5 3
25 5 224 225 226 227 228 45 1
26 6 177 178 179 180 181 182 39 4
27 7 170 171 172 173 174 175 176 30 5
28 5 160 161 162 163 164 18 4
29 4 145 146 147 148 9 2
30 8 137 138 139 140 141 142 143 144 33 1
31 7 959 960 961 962 963 964 965 13 3
32 5 160 161 162 163 164 40 2
33 6 154 155 156 157 158 159 38 3
34 5 149 150 151 152 153 36 3
35 4 145 146 147 148 31 1
36 3 118 119 120 28 4
37 7 85 86 87 88 89 90 91 23 5
38 7 59 60 61 62 63 64 65 2 5
39 4 792 793 794 795 13 5
40 5 186 187 188 189 190 44 2
41 7 170 171 172 173 174 175 176 29 3
42 5 149 150 151 152 153 33 3
43 8 1350 1351 1352 1353 1354 1355 1356 1357 12 4
44 5 160 161 162 163 164 31 2
45 6 154 155 156 157 158 159 29 1
46 7 102 103 104 105 106 107 108 5 1
47 6 96 97 98 99 100 101 19 4
48 5 66 67 68 69 70 2 2
49 3 369 370 371 6 5
50 4 197 198 199 200 38 3
51 5 165 166 167 168 169 25 2
52 6 154 155 156 157 158 159 30 4
53 5 149 150 151 152 153 28 4
54 4 121 122 123 124 23 5
55 3 118 119 120 20 4
56 4 114 115 116 117 5 1
57 5 77 78 79 80 81 10 5
58 5 66 67 68 69 70 3 2
59 4 559 560 561 562 13 1
60 6 177 178 179 180 181 182 39 4
61 7 170 171 172 173 174 175 176 30 3
62 5 165 166 167 168 169 31 2
63 4 121 122 123 124 29 5
64 4 114 115 116 117 11 5
65 5 77 78 79 80 81 16 2
66 6 71 72 73 74 75 76 3 4
67 7 785 786 787 788 789 790 791 13 3
68 5 165 166 167 168 169 22 4
69 4 121 122 123 124 20 4
70 6 96 97 98 99 100 101 17 4
71 6 569 570 571 572 573 574 11 4
72 5 186 187 188 189 190 33 2
73 3 125 126 127 18 1
74 3 118 119 120 14 4
75 3 82 83 84 2 1
76 5 77 78 79 80 81 4 5
77 5 284 285 286 287 288 44 4
78 5 186 187 188 189 190 29 2
79 5 165 166 167 168 169 15 1
80 4 133 134 135 136 7 5
81 7 85 86 87 88 89 90 91 5 1
82 7 266 267 268 269 270 271 272 5 5
83 8 137 138 139 140 141 142 143 144 19 5
84 4 92 93 94 95 10 2
85 7 344 345 346 347 348 349 350 5 3
86 5 186 187 188 189 190 24 1
87 5 149 150 151 152 153 13 1
88 4 145 146 147 148 8 5
89 4 121 122 123 124 8 2
90 3 118 119 120 5 4
91 4 92 93 94 95 3 4
92 4 396 397 398 399 5 4
93 5 201 202 203 204 205 25 1
94 4 145 146 147 148 5 3
95 6 96 97 98 99 100 101 2 3
96 4 912 913 914 915 14 2
97 5 224 225 226 227 228 29 2
98 4 213 214 215 216 21 3
99 5 160 161 162 163 164 12 4
100 6 154 155 156 157 158 159 10 5
101 4 121 122 123 124 3 2
102 4 133 134 135 136 11 3
103 7 206 207 208 209 210 211 212 6 2
104 3 183 184 185 31 4
105 7 170 171 172 173 174 175 176 18 3
106 4 145 146 147 148 17 4
107 5 128 129 130 131 132 1 3
108 5 109 110 111 112 113 1 3
109 7 1175 1176 1177 1178 1179 1180 1181 14 5
110 5 217 218 219 220 221 4 5
111 7 206 207 208 209 210 211 212 25 5
112 6 154 155 156 157 158 159 23 2
113 3 118 119 120 13 1
114 5 872 873 874 875 876 12 1
115 4 235 236 237 238 46 1
116 2 222 223 40 4
117 5 149 150 151 152 153 23 3
118 5 327 328 329 330 331 47 5
119 5 186 187 188 189 190 19 4
120 5 165 166 167 168 169 5 3
121 4 197 198 199 200 15 1
122 5 239 240 241 242 243 29 3
123 7 170 171 172 173 174 175 176 1 5
124 3 125 126 127 1 4
125 4 523 524 525 526 14 1
126 6 229 230 231 232 233 234 24 4
127 8 137 138 139 140 141 142 143 144 3 4
128 4 1391 1392 1393 1394 12 1
129 4 245 246 247 248 5 2
130 6 229 230 231 232 233 234 41 3
131 6 191 192 193 194 195 196 28 3
132 3 183 184 185 30 1
133 5 1131 1132 1133 1134 1135 15 3
134 3 263 264 265 45 3
135 7 206 207 208 209 210 211 212 15 3
136 5 186 187 188 189 190 22 2
137 4 912 913 914 915 15 1
138 5 284 285 286 287 288 27 3
139 1 244 14 2
140 4 235 236 237 238 24 2
141 6 229 230 231 232 233 234 21 1
142 4 213 214 215 216 14 2
143 7 206 207 208 209 210 211 212 5 4
144 5 160 161 162 163 164 5 3
145 5 239 240 241 242 243 29 2
146 5 224 225 226 227 228 26 1
147 4 213 214 215 216 18 1
148 5 149 150 151 152 153 5 5
149 4 396 397 398 399 5 1
150 3 263 264 265 34 2
151 6 177 178 179 180 181 182 5 3
152 5 160 161 162 163 164 4 4
153 6 154 155 156 157 158 159 2 1
154 6 944 945 946 947 948 949 14 5
155 5 239 240 241 242 243 22 5
156 5 224 225 226 227 228 19 4
157 7 206 207 208 209 210 211 212 2 5
158 4 197 198 199 200 8 1
159 6 191 192 193 194 195 196 5 1
160 4 372 373 374 375 43 2
161 4 235 236 237 238 19 4
162 4 197 198 199 200 6 2
163 3 183 184 185 5 4
164 6 177 178 179 180 181 182 1 1
165 5 327 328 329 330 331 42 4
166 2 302 303 21 5
167 7 266 267 268 269 270 271 272 28 1
168 3 263 264 265 37 5
169 6 249 250 251 252 253 254 25 2
170 4 465 466 467 468 11 5
171 7 266 267 268 269 270 271 272 29 2
172 1 244 17 5
173 6 229 230 231 232 233 234 24 4
174 5 224 225 226 227 228 25 4
175 5 186 187 188 189 190 15 5
176 3 183 184 185 13 1
177 5 1131 1132 1133 1134 1135 14 1
178 4 298 299 300 301 23 5
179 3 289 290 291 2 4
180 4 235 236 237 238 18 3
181 6 191 192 193 194 195 196 2 1
182 3 183 184 185 4 3
183 7 618 619 620 621 622 623 624 11 3
184 4 294 295 296 297 25 5
185 5 186 187 188 189 190 2 3
186 7 898 899 900 901 902 903 904 11 1
187 5 322 323 324 325 326 25 2
188 3 263 264 265 23 1
189 1 244 2 4
190 4 213 214 215 216 2 1
191 4 1232 1233 1234 1235 12 5
192 8 310 311 312 313 314 315 316 317 18 4
193 6 304 305 306 307 308 309 20 1
194 2 302 303 11 1
195 7 266 267 268 269 270 271 272 18 1
196 4 197 198 199 200 3 5
197 7 1323 1324 1325 1326 1327 1328 1329 13 3
198 4 318 319 320 321 18 2
199 4 294 295 296 297 24 5
200 5 201 202 203 204 205 5 3
201 5 332 333 334 335 336 29 5
202 2 302 303 3 1
203 7 266 267 268 269 270 271 272 10 4
204 6 229 230 231 232 233 234 5 2
205 2 222 223 2 3
206 6 724 725 726 727 728 729 15 1
207 2 302 303 14 2
208 4 298 299 300 301 24 4
209 3 289 290 291 3 5
210 6 278 279 280 281 282 283 7 3
211 6 249 250 251 252 253 254 18 4
212 2 222 223 13 3
213 3 563 564 565 13 1
214 2 302 303 5 1
215 5 273 274 275 276 277 15 3
216 8 255 256 257 258 259 260 261 262 5 2
217 2 1385 1386 13 4
218 8 310 311 312 313 314 315 316 317 42 3
219 4 298 299 300 301 45 2
220 7 266 267 268 269 270 271 272 42 1
221 3 263 264 265 51 1
222 7 539 540 541 542 543 544 545 8 4
223 5 224 225 226 227 228 4 1
224 8 424 425 426 427 428 429 430 431 28 2
225 4 294 295 296 297 13 3
226 5 284 285 286 287 288 5 5
227 6 249 250 251 252 253 254 1 5
228 4 235 236 237 238 2 2
229 6 360 361 362 363 364 365 20 2
230 3 351 352 353 25 2
231 7 337 338 339 340 341 342 343 16 3
232 5 327 328 329 330 331 19 1
233 4 294 295 296 297 14 5
234 5 239 240 241 242 243 4 5
235 7 1036 1037 1038 1039 1040 1041 1042 13 1
236 3 366 367 368 18 5
237 4 298 299 300 301 5 3
238 5 239 240 241 242 243 1 1
239 4 1046 1047 1048 1049 11 4
240 7 344 345 346 347 348 349 350 14 5
241 4 298 299 300 301 4 1
242 2 292 293 5 1
243 4 245 246 247 248 5 1
244 2 400 401 42 2
245 3 761 762 763 15 4
246 3 366 367 368 12 3
247 4 294 295 296 297 5 2
248 3 263 264 265 5 4
249 9 530 531 532 533 534 535 536 537 538 59 5
250 5 354 355 356 357 358 6 2
251 8 310 311 312 313 314 315 316 317 3 5
252 6 304 305 306 307 308 309 5 4
253 7 266 267 268 269 270 271 272 3 4
254 3 263 264 265 12 3
255 3 761 762 763 12 2
256 4 376 377 378 379 26 5
257 6 360 361 362 363 364 365 22 4
258 1 359 20 2
259 5 327 328 329 330 331 21 2
260 4 318 319 320 321 10 5
261 8 310 311 312 313 314 315 316 317 7 5
262 6 278 279 280 281 282 283 13 1
263 4 1319 1320 1321 1322 12 5
264 5 327 328 329 330 331 5 1
265 5 322 323 324 325 326 2 5
266 4 912 913 914 915 15 4
267 4 396 397 398 399 20 5
268 4 372 373 374 375 22 1
269 3 366 367 368 16 3
270 5 354 355 356 357 358 3 1
271 6 278 279 280 281 282 283 6 3
272 5 273 274 275 276 277 3 1
273 3 508 509 510 25 1
274 4 381 382 383 384 23 2
275 4 372 373 374 375 19 5
276 4 294 295 296 297 6 3
277 6 278 279 280 281 282 283 3 4
278 4 552 553 554 555 54 5
279 4 381 382 383 384 20 1
280 4 372 373 374 375 16 1
281 3 369 370 371 1 2
282 7 344 345 346 347 348 349 350 7 3
283 7 337 338 339 340 341 342 343 5 5
284 4 772 773 774 775 11 3
285 6 402 403 404 405 406 407 38 5
286 1 380 23 2
287 4 376 377 378 379 18 4
288 5 332 333 334 335 336 18 1
289 7 1248 1249 1250 1251 1252 1253 1254 14 4
290 4 392 393 394 395 43 5
291 3 369 370 371 25 5
292 4 1407 1408 1409 1410 12 5
293 4 376 377 378 379 15 4
294 5 1115 1116 1117 1118 1119 15 4
295 4 392 393 394 395 16 3
296 3 351 352 353 11 3
297 7 344 345 346 347 348 349 350 4 4
298 3 508 509 510 25 3
299 6 402 403 404 405 406 407 36 1
300 4 392 393 394 395 22 2
301 1 359 10 4
302 4 372 373 374 375 29 5
303 4 396 397 398 399 7 1
304 3 366 367 368 14 2
305 5 416 417 418 419 420 32 1
306 6 402 403 404 405 406 407 37 5
307 2 400 401 28 1
308 4 381 382 383 384 24 1
309 4 318 319 320 321 1 2
310 3 1428 1429 1430 12 4
311 4 451 452 453 454 40 1
312 7 438 439 440 441 442 443 444 30 4
313 6 402 403 404 405 406 407 9 3
314 4 392 393 394 395 25 2
315 4 376 377 378 379 9 4
316 4 372 373 374 375 22 2
317 5 327 328 329 330 331 14 3
318 7 776 777 778 779 780 781 782 14 2
319 8 408 409 410 411 412 413 414 415 16 4
320 1 359 10 5
321 5 327 328 329 330 331 11 5
322 4 1111 1112 1113 1114 1 3
323 8 1160 1161 1162 1163 1164 1165 1166 1167 11 4
324 3 421 422 423 14 2
325 5 416 417 418 419 420 23 1
326 4 372 373 374 375 11 3
327 3 421 422 423 11 4
328 4 392 393 394 395 11 3
329 4 372 373 374 375 8 2
330 6 360 361 362 363 364 365 1 4
331 5 332 333 334 335 336 5 5
332 5 1031 1032 1033 1034 1035 14 4
333 4 455 456 457 458 26 3
334 8 424 425 426 427 428 429 430 431 5 5
335 4 372 373 374 375 3 4
336 3 351 352 353 1 1
337 6 836 837 838 839 840 841 13 5
338 7 438 439 440 441 442 443 444 19 1
339 6 432 433 434 435 436 437 13 1
340 8 424 425 426 427 428 429 430 431 13 3
341 4 396 397 398 399 9 1
342 4 372 373 374 375 11 1
343 1 359 2 1
344 2 1420 1421 11 2
345 6 469 470 471 472 473 474 27 3
346 4 451 452 453 454 27 4
347 6 445 446 447 448 449 450 30 1
348 6 432 433 434 435 436 437 11 2
349 3 421 422 423 12 1
350 3 351 352 353 7 3
351 10 976 977 978 979 980 981 982 983 984 985 12 4
352 4 455 456 457 458 25 5
353 4 392 393 394 395 5 4
354 6 1018 1019 1020 1021 1022 1023 14 1
355 9 475 476 477 478 479 480 481 482 483 40 5
356 6 402 403 404 405 406 407 36 4
357 4 392 393 394 395 22 3
358 3 366 367 368 13 1
359 4 455 456 457 458 32 5
360 4 451 452 453 454 25 1
361 3 505 506 507 34 4
362 7 488 489 490 491 492 493 494 23 3
363 4 484 485 486 487 31 3
364 4 376 377 378 379 4 4
365 3 366 367 368 1 5
366 5 511 512 513 514 515 33 3
367 8 408 409 410 411 412 413 414 415 3 3
368 4 396 397 398 399 4 5
369 5 579 580 581 582 583 53 1
370 3 508 509 510 21 4
371 8 408 409 410 411 412 413 414 415 12 4
372 4 1187 1188 1189 1190 11 4
373 3 505 506 507 27 4
374 6 459 460 461 462 463 464 2 1
375 4 381 382 383 384 4 4
376 6 569 570 571 572 573 574 35 5
377 6 432 433 434 435 436 437 5 2
378 7 385 386 387 388 389 390 391 8 1
379 1 380 5 5
380 6 402 403 404 405 406 407 15 3
381 3 1428 1429 1430 13 4
382 7 488 489 490 491 492 493 494 12 4
383 4 455 456 457 458 19 3
384 7 385 386 387 388 389 390 391 1 1
385 4 451 452 453 454 13 1
386 3 505 506 507 22 2
387 6 469 470 471 472 473 474 13 1
388 4 465 466 467 468 21 4
389 4 451 452 453 454 13 1
390 7 438 439 440 441 442 443 444 3 1
391 2 400 401 3 4
392 5 500 501 502 503 504 25 4
393 6 469 470 471 472 473 474 15 4
394 4 465 466 467 468 23 2
395 6 445 446 447 448 449 450 18 1
396 2 1420 1421 12 5
397 3 520 521 522 32 1
398 5 511 512 513 514 515 29 5
399 3 508 509 510 8 3
400 7 745 746 747 748 749 750 751 15 5
401 5 416 417 418 419 420 4 5
402 7 1024 1025 1026 1027 1028 1029 1030 14 3
403 4 523 524 525 526 9 5
404 3 505 506 507 10 2
405 6 469 470 471 472 473 474 1 1
406 4 465 466 467 468 9 5
407 6 445 446 447 448 449 450 4 4
408 3 615 616 617 24 1
409 3 546 547 548 40 1
410 9 530 531 532 533 534 535 536 537 538 37 4
411 4 516 517 518 519 28 1
412 7 488 489 490 491 492 493 494 19 2
413 4 455 456 457 458 26 5
414 6 432 433 434 435 436 437 5 4
415 3 421 422 423 6 2
416 6 944 945 946 947 948 949 15 5
417 3 527 528 529 14 1
418 4 523 524 525 526 14 2
419 7 488 489 490 491 492 493 494 4 2
420 4 484 485 486 487 12 5
421 4 805 806 807 808 62 5
422 9 530 531 532 533 534 535 536 537 538 31 4
423 9 475 476 477 478 479 480 481 482 483 18 2
424 3 1210 1211 1212 11 2
425 3 566 567 568 33 5
426 3 546 547 548 35 1
427 5 511 512 513 514 515 25 4
428 3 508 509 510 4 2
429 5 495 496 497 498 499 23 1
430 6 445 446 447 448 449 450 19 4
431 7 438 439 440 441 442 443 444 6 2
432 6 944 945 946 947 948 949 15 2
433 3 566 567 568 33 1
434 3 546 547 548 35 1
435 9 530 531 532 533 534 535 536 537 538 32 4
436 3 527 528 529 24 5
437 5 495 496 497 498 499 23 5
438 4 662 663 664 665 53 4
439 4 552 553 554 555 30 1
440 3 549 550 551 28 1
441 5 495 496 497 498 499 17 3
442 4 465 466 467 468 18 4
443 4 451 452 453 454 10 4
444 6 445 446 447 448 449 450 13 3
445 7 1168 1169 1170 1171 1172 1173 1174 13 4
446 5 579 580 581 582 583 27 1
447 4 559 560 561 562 17 5
448 3 546 547 548 16 1
449 4 523 524 525 526 5 3
450 4 516 517 518 519 4 2
451 2 1182 1183 14 1
452 3 556 557 558 21 2
453 3 549 550 551 18 1
454 4 455 456 457 458 5 4
455 2 1420 1421 11 4
456 6 569 570 571 572 573 574 9 1
457 3 563 564 565 20 1
458 4 465 466 467 468 3 3
459 9 925 926 927 928 929 930 931 932 933 15 4
460 4 575 576 577 578 38 3
461 3 563 564 565 41 3
462 9 530 531 532 533 534 535 536 537 538 32 2
463 3 527 528 529 24 1
464 4 465 466 467 468 24 1
465 6 755 756 757 758 759 760 12 5
466 3 597 598 599 16 3
467 7 539 540 541 542 543 544 545 2 2
468 3 505 506 507 1 3
469 6 823 824 825 826 827 828 11 5
470 3 563 564 565 25 1
471 7 539 540 541 542 543 544 545 10 2
472 9 530 531 532 533 534 535 536 537 538 16 3
473 3 527 528 529 8 4
474 9 475 476 477 478 479 480 481 482 483 3 3
475 3 1004 1005 1006 13 1
476 7 539 540 541 542 543 544 545 7 5
477 9 530 531 532 533 534 535 536 537 538 13 1
478 3 527 528 529 5 4
479 4 523 524 525 526 5 1
480 3 520 521 522 9 2
481 4 516 517 518 519 4 5
482 5 495 496 497 498 499 4 5
483 4 484 485 486 487 3 1
484 3 1043 1044 1045 15 5
485 4 575 576 577 578 16 4
486 5 511 512 513 514 515 3 5
487 5 500 501 502 503 504 4 2
488 3 1043 1044 1045 13 2
489 3 615 616 617 5 5
490 5 610 611 612 613 614 37 1
491 4 606 607 608 609 25 4
492 6 600 601 602 603 604 605 28 3
493 3 546 547 548 21 1
494 3 505 506 507 11 2
495 6 944 945 946 947 948 949 13 1
496 6 587 588 589 590 591 592 22 3
497 4 552 553 554 555 13 3
498 3 505 506 507 2 5
499 5 500 501 502 503 504 3 4
500 4 1201 1202 1203 1204 13 2
501 4 606 607 608 609 13 2
502 3 597 598 599 14 2
503 3 546 547 548 9 2
504 3 520 521 522 2 2
505 5 639 640 641 642 643 14 4
506 6 600 601 602 603 604 605 17 2
507 3 520 521 522 3 2
508 3 1043 1044 1045 11 1
509 6 587 588 589 590 591 592 41 1
510 4 559 560 561 562 32 1
511 6 1344 1345 1346 1347 1348 1349 12 4
512 5 579 580 581 582 583 21 4
513 6 569 570 571 572 573 574 5 3
514 4 559 560 561 562 11 1
515 9 530 531 532 533 534 535 536 537 538 7 2
516 4 1279 1280 1281 1282 13 4
517 4 606 607 608 609 16 5
518 9 530 531 532 533 534 535 536 537 538 9 4
519 4 523 524 525 526 1 3
520 4 801 802 803 804 63 3
521 3 584 585 586 7 1
522 9 530 531 532 533 534 535 536 537 538 4 2
523 4 552 553 554 555 12 3
524 4 658 659 660 661 41 2
525 4 552 553 554 555 12 2
526 3 546 547 548 11 1
527 6 1313 1314 1315 1316 1317 1318 14 5
528 4 593 594 595 596 23 2
529 4 575 576 577 578 14 3
530 5 1283 1284 1285 1286 1287 15 2
531 4 658 659 660 661 33 4
532 6 644 645 646 647 648 649 22 5
533 6 625 626 627 628 629 630 17 4
534 3 566 567 568 1 2
535 4 559 560 561 562 4 2
536 3 556 557 558 5 1
537 3 549 550 551 2 1
538 3 546 547 548 3 2
539 3 1126 1127 1128 14 1
540 4 666 667 668 669 27 4
541 4 662 663 664 665 33 2
542 7 618 619 620 621 622 623 624 22 1
543 3 584 585 586 9 2
544 3 563 564 565 15 5
545 4 552 553 554 555 10 1
546 5 1395 1396 1397 1398 1399 14 3
547 5 639 640 641 642 643 4 2
548 3 636 637 638 27 4
549 7 1168 1169 1170 1171 1172 1173 1174 11 1
550 6 587 588 589 590 591 592 11 5
551 3 563 564 565 7 3
552 2 783 784 11 5
553 8 677 678 679 680 681 682 683 684 41 2
554 4 666 667 668 669 17 2
555 4 575 576 577 578 2 2
556 8 842 843 844 845 846 847 848 849 11 2
557 8 650 651 652 653 654 655 656 657 27 3
558 6 600 601 602 603 604 605 5 1
559 7 776 777 778 779 780 781 782 15 5
560 6 600 601 602 603 604 605 6 2
561 4 593 594 595 596 11 1
562 3 563 564 565 5 4
563 1 1425 12 2
564 6 587 588 589 590 591 592 4 5
565 5 579 580 581 582 583 5 4
566 7 618 619 620 621 622 623 624 15 4
567 7 670 671 672 673 674 675 676 19 5
568 5 579 580 581 582 583 13 1
569 9 1050 1051 1052 1053 1054 1055 1056 1057 1058 12 3
570 4 717 718 719 720 53 5
571 4 705 706 707 708 20 4
572 8 677 678 679 680 681 682 683 684 47 5
573 6 587 588 589 590 591 592 15 1
574 3 584 585 586 5 4
575 10 976 977 978 979 980 981 982 983 984 985 11 4
576 3 636 637 638 24 5
577 6 625 626 627 628 629 630 11 5
578 4 606 607 608 609 1 3
579 5 920 921 922 923 924 12 1
580 4 705 706 707 708 4 5
581 8 677 678 679 680 681 682 683 684 31 1
582 4 658 659 660 661 19 2
583 6 625 626 627 628 629 630 3 1
584 1 1380 11 4
585 8 650 651 652 653 654 655 656 657 29 4
586 3 597 598 599 5 1
587 7 1358 1359 1360 1361 1362 1363 1364 14 2
588 4 705 706 707 708 5 3
589 6 699 700 701 702 703 704 10 5
590 4 662 663 664 665 14 2
591 3 636 637 638 17 3
592 4 593 594 595 596 2 1
593 3 1387 1388 1389 14 1
594 4 730 731 732 733 33 1
595 6 699 700 701 702 703 704 8 1
596 5 610 611 612 613 614 4 3
597 3 1004 1005 1006 11 1
598 4 705 706 707 708 10 3
599 4 658 659 660 661 25 3
600 5 1031 1032 1033 1034 1035 15 5
601 4 717 718 719 720 41 3
602 6 711 712 713 714 715 716 30 1
603 2 709 710 27 4
604 4 662 663 664 665 17 5
605 7 618 619 620 621 622 623 624 6 5
606 6 755 756 757 758 759 760 14 5
607 7 745 746 747 748 749 750 751 3 5
608 4 666 667 668 669 14 2
609 4 662 663 664 665 20 1
610 3 1007 1008 1009 14 5
611 5 734 735 736 737 738 36 4
612 6 724 725 726 727 728 729 46 4
613 2 709 710 18 1
614 4 666 667 668 669 2 5
615 5 734 735 736 737 738 11 1
616 7 670 671 672 673 674 675 676 33 3
617 5 631 632 633 634 635 5 2
618 4 883 884 885 886 14 4
619 5 734 735 736 737 738 39 4
620 4 717 718 719 720 35 4
621 8 685 686 687 688 689 690 691 692 6 2
622 8 677 678 679 680 681 682 683 684 29 2
623 7 670 671 672 673 674 675 676 4 5
624 3 636 637 638 14 2
625 3 636 637 638 13 3
626 7 745 746 747 748 749 750 751 1 4
627 4 705 706 707 708 1 5
628 8 677 678 679 680 681 682 683 684 28 3
629 6 644 645 646 647 648 649 5 1
630 3 636 637 638 13 1
631 7 1297 1298 1299 1300 1301 1302 1303 13 3
632 5 734 735 736 737 738 4 5
633 6 724 725 726 727 728 729 2 5
634 2 709 710 45 5
635 5 639 640 641 642 643 15 5
636 6 1082 1083 1084 1085 1086 1087 14 3
637 7 745 746 747 748 749 750 751 39 5
638 8 650 651 652 653 654 655 656 657 2 1
639 4 912 913 914 915 15 1
640 6 755 756 757 758 759 760 4 2
641 3 752 753 754 43 2
642 2 709 710 30 1
643 4 658 659 660 661 26 5
644 3 956 957 958 13 2
645 4 764 765 766 767 13 4
646 6 755 756 757 758 759 760 51 4
647 3 752 753 754 28 4
648 4 662 663 664 665 5 5
649 8 650 651 652 653 654 655 656 657 10 5
650 3 1194 1195 1196 5 4
651 2 1129 1130 11 5
652 3 761 762 763 39 1
653 6 755 756 757 758 759 760 41 2
654 6 724 725 726 727 728 729 33 3
655 2 709 710 5 5
656 8 677 678 679 680 681 682 683 684 13 1
657 4 658 659 660 661 1 2
658 8 677 678 679 680 681 682 683 684 12 5
659 4 764 765 766 767 2 2
660 6 724 725 726 727 728 729 32 1
661 3 721 722 723 19 4
662 3 1372 1373 1374 12 3
663 4 772 773 774 775 2 3
664 5 734 735 736 737 738 28 2
665 3 721 722 723 25 5
666 2 1182 1183 12 3
667 2 783 784 3 3
668 4 772 773 774 775 8 1
669 4 768 769 770 771 53 5
670 4 768 769 770 771 54 1
671 7 776 777 778 779 780 781 782 2 3
672 3 752 753 754 30 3
673 6 739 740 741 742 743 744 50 5
674 4 730 731 732 733 28 3
675 6 699 700 701 702 703 704 3 2
676 8 685 686 687 688 689 690 691 692 2 4
677 6 1018 1019 1020 1021 1022 1023 13 3
678 5 796 797 798 799 800 29 5
679 4 792 793 794 795 28 5
680 3 752 753 754 5 4
681 4 730 731 732 733 3 4
682 3 721 722 723 7 3
683 4 717 718 719 720 6 2
684 6 693 694 695 696 697 698 4 3
685 4 883 884 885 886 62 2
686 5 818 819 820 821 822 54 2
687 9 809 810 811 812 813 814 815 816 817 3 3
688 4 801 802 803 804 37 2
689 3 752 753 754 28 1
690 7 745 746 747 748 749 750 751 47 1
691 4 717 718 719 720 29 5
692 6 693 694 695 696 697 698 27 1
693 7 1024 1025 1026 1027 1028 1029 1030 12 2
694 5 796 797 798 799 800 25 3
695 7 785 786 787 788 789 790 791 26 4
696 3 752 753 754 1 3
697 3 721 722 723 3 3
698 4 717 718 719 720 2 5
699 5 796 797 798 799 800 51 2
700 5 818 819 820 821 822 53 4
701 4 768 769 770 771 51 3
702 6 755 756 757 758 759 760 50 2
703 7 745 746 747 748 749 750 751 46 1
704 2 709 710 14 4
705 8 1255 1256 1257 1258 1259 1260 1261 1262 12 5
706 4 730 731 732 733 30 5
707 4 717 718 719 720 33 5
708 6 711 712 713 714 715 716 22 2
709 3 1387 1388 1389 15 1
710 6 711 712 713 714 715 716 3 2
711 6 836 837 838 839 840 841 54 4
712 6 836 837 838 839 840 841 3 3
713 4 768 769 770 771 34 2
714 3 761 762 763 31 5
715 6 739 740 741 742 743 744 30 1
716 6 724 725 726 727 728 729 25 1
717 2 829 830 30 4
718 5 818 819 820 821 822 25 5
719 4 768 769 770 771 23 1
720 5 734 735 736 737 738 4 4
721 6 724 725 726 727 728 729 13 2
722 5 734 735 736 737 738 3 2
723 6 724 725 726 727 728 729 13 3
724 1 1390 12 2
725 6 866 867 868 869 870 871 36 5
726 5 831 832 833 834 835 15 2
727 2 829 830 16 5
728 7 785 786 787 788 789 790 791 10 1
729 7 745 746 747 748 749 750 751 4 2
730 7 905 906 907 908 909 910 911 11 2
731 5 818 819 820 821 822 28 3
732 7 745 746 747 748 749 750 751 21 4
733 5 734 735 736 737 738 7 4
734 6 739 740 741 742 743 744 15 3
735 6 836 837 838 839 840 841 39 1
736 4 801 802 803 804 4 4
737 7 745 746 747 748 749 750 751 14 2
738 6 739 740 741 742 743 744 15 5
739 3 956 957 958 58 2
740 4 850 851 852 853 9 5
741 5 796 797 798 799 800 4 2
742 7 785 786 787 788 789 790 791 5 5
743 3 761 762 763 1 2
744 6 755 756 757 758 759 760 3 2
745 3 1015 1016 1017 15 1
746 3 858 859 860 13 3
747 4 854 855 856 857 28 5
748 8 842 843 844 845 846 847 848 849 29 1
749 2 829 830 12 5
750 5 796 797 798 799 800 5 4
751 7 785 786 787 788 789 790 791 6 2
752 3 1191 1192 1193 13 3
753 7 887 888 889 890 891 892 893 1 5
754 3 858 859 860 32 5
755 1 1425 15 3
756 4 883 884 885 886 11 1
757 4 850 851 852 853 6 2
758 2 829 830 8 2
759 9 809 810 811 812 813 814 815 816 817 5 1
760 4 768 769 770 771 1 3
761 10 1059 1060 1061 1062 1063 1064 1065 1066 1067 1068 15 3
762 4 792 793 794 795 2 3
763 7 776 777 778 779 780 781 782 2 5
764 9 925 926 927 928 929 930 931 932 933 15 5
765 7 887 888 889 890 891 892 893 5 3
766 6 866 867 868 869 870 871 3 3
767 6 823 824 825 826 827 828 45 3
768 4 1088 1089 1090 1091 11 1
769 7 887 888 889 890 891 892 893 44 5
770 6 877 878 879 880 881 882 30 1
771 5 831 832 833 834 835 6 3
772 4 1187 1188 1189 1190 11 2
773 5 831 832 833 834 835 51 2
774 4 805 806 807 808 2 1
775 7 785 786 787 788 789 790 791 46 5
776 3 956 957 958 55 3
777 5 920 921 922 923 924 49 5
778 7 887 888 889 890 891 892 893 45 2
779 5 872 873 874 875 876 9 1
780 5 861 862 863 864 865 35 3
781 6 836 837 838 839 840 841 21 4
782 2 783 784 2 5
783 2 1426 1427 14 5
784 3 858 859 860 7 4
785 4 1201 1202 1203 1204 13 1
786 6 866 867 868 869 870 871 26 2
787 3 858 859 860 7 1
788 4 854 855 856 857 22 2
789 4 850 851 852 853 4 2
790 5 831 832 833 834 835 5 2
791 6 823 824 825 826 827 828 5 1
792 6 1338 1339 1340 1341 1342 1343 11 2
793 5 920 921 922 923 924 49 3
794 4 854 855 856 857 24 1
795 5 818 819 820 821 822 3 4
796 8 1330 1331 1332 1333 1334 1335 1336 1337 12 1
797 7 905 906 907 908 909 910 911 5 4
798 7 898 899 900 901 902 903 904 45 3
799 6 836 837 838 839 840 841 20 5
800 2 829 830 7 2
801 2 829 830 22 4
802 5 920 921 922 923 924 2 2
803 6 866 867 868 869 870 871 42 1
804 5 861 862 863 864 865 49 4
805 5 1131 1132 1133 1134 1135 12 1
806 7 959 960 961 962 963 964 965 1 5
807 6 950 951 952 953 954 955 2 3
808 6 823 824 825 826 827 828 49 5
809 6 1338 1339 1340 1341 1342 1343 14 4
810 5 920 921 922 923 924 44 4
811 4 916 917 918 919 5 5
812 7 898 899 900 901 902 903 904 41 1
813 7 887 888 889 890 891 892 893 40 1
814 4 883 884 885 886 6 1
815 6 866 867 868 869 870 871 23 5
816 3 858 859 860 4 5
817 8 842 843 844 845 846 847 848 849 20 4
818 2 1420 1421 12 4
819 5 872 873 874 875 876 6 3
820 6 866 867 868 869 870 871 25 3
821 5 831 832 833 834 835 4 2
822 2 829 830 5 5
823 6 836 837 838 839 840 841 14 1
824 9 925 926 927 928 929 930 931 932 933 22 1
825 5 920 921 922 923 924 42 1
826 4 883 884 885 886 4 4
827 5 872 873 874 875 876 2 2
828 2 829 830 1 3
829 4 996 997 998 999 45 2
830 7 937 938 939 940 941 942 943 42 3
831 3 956 957 958 48 2
832 5 969 970 971 972 973 3 5
833 6 950 951 952 953 954 955 1 4
834 7 887 888 889 890 891 892 893 38 2
835 3 858 859 860 2 4
836 8 1255 1256 1257 1258 1259 1260 1261 1262 12 1
837 9 925 926 927 928 929 930 931 932 933 8 4
838 7 905 906 907 908 909 910 911 30 2
839 4 894 895 896 897 4 5
840 4 854 855 856 857 3 4
841 8 842 843 844 845 846 847 848 849 4 5
842 3 1184 1185 1186 13 2
843 5 969 970 971 972 973 42 1
844 3 966 967 968 34 5
845 3 956 957 958 30 5
846 6 950 951 952 953 954 955 36 1
847 7 905 906 907 908 909 910 911 26 1
848 7 898 899 900 901 902 903 904 21 1
849 6 866 867 868 869 870 871 3 4
850 6 1082 1083 1084 1085 1086 1087 13 3
851 2 974 975 46 4
852 9 925 926 927 928 929 930 931 932 933 23 3
853 3 858 859 860 3 5
854 5 861 862 863 864 865 11 4
855 4 996 997 998 999 29 4
856 6 986 987 988 989 990 991 43 1
857 5 969 970 971 972 973 43 1
858 8 1330 1331 1332 1333 1334 1335 1336 1337 14 1
859 4 912 913 914 915 39 2
860 7 887 888 889 890 891 892 893 36 3
861 5 1269 1270 1271 1272 1273 11 1
862 10 976 977 978 979 980 981 982 983 984 985 19 3
863 7 959 960 961 962 963 964 965 14 4
864 7 937 938 939 940 941 942 943 15 4
865 5 920 921 922 923 924 14 3
866 4 1219 1220 1221 1222 12 2
867 4 992 993 994 995 34 5
868 10 976 977 978 979 980 981 982 983 984 985 26 1
869 5 969 970 971 972 973 39 1
870 9 925 926 927 928 929 930 931 932 933 1 4
871 6 877 878 879 880 881 882 3 3
872 5 1283 1284 1285 1286 1287 13 4
873 2 974 975 43 4
874 7 959 960 961 962 963 964 965 40 5
875 3 934 935 936 21 1
876 9 925 926 927 928 929 930 931 932 933 20 3
877 7 887 888 889 890 891 892 893 14 5
878 4 992 993 994 995 31 1
879 3 956 957 958 24 5
880 6 950 951 952 953 954 955 30 4
881 6 944 945 946 947 948 949 24 1
882 7 898 899 900 901 902 903 904 15 1
883 4 1145 1146 1147 1148 12 4
884 4 996 997 998 999 42 1
885 4 992 993 994 995 51 1
886 4 894 895 896 897 14 5
887 3 1184 1185 1186 12 1
888 3 1007 1008 1009 21 2
889 10 976 977 978 979 980 981 982 983 984 985 9 2
890 3 966 967 968 14 2
891 7 959 960 961 962 963 964 965 4 2
892 5 920 921 922 923 924 4 5
893 7 898 899 900 901 902 903 904 1 4
894 3 1012 1013 1014 35 5
895 2 974 975 27 3
896 7 959 960 961 962 963 964 965 24 5
897 6 950 951 952 953 954 955 36 4
898 6 950 951 952 953 954 955 15 1
899 3 1012 1013 1014 14 3
900 3 1004 1005 1006 16 1
901 6 950 951 952 953 954 955 15 4
902 7 937 938 939 940 941 942 943 4 5
903 4 912 913 914 915 2 3
904 7 905 906 907 908 909 910 911 5 1
905 3 1210 1211 1212 14 1
906 3 1012 1013 1014 9 3
907 3 1007 1008 1009 15 1
908 3 1004 1005 1006 11 3
909 10 976 977 978 979 980 981 982 983 984 985 3 2
910 2 974 975 1 4
911 3 956 957 958 4 3
912 6 1344 1345 1346 1347 1348 1349 11 4
913 6 1018 1019 1020 1021 1022 1023 21 5
914 3 1012 1013 1014 12 1
915 5 969 970 971 972 973 19 4
916 4 1145 1146 1147 1148 15 4
917 3 1015 1016 1017 4 4
918 4 992 993 994 995 52 2
919 7 937 938 939 940 941 942 943 40 1
920 5 1131 1132 1133 1134 1135 62 1
921 4 1046 1047 1048 1049 18 4
922 3 1015 1016 1017 22 1
923 4 996 997 998 999 4 5
924 10 976 977 978 979 980 981 982 983 984 985 5 3
925 7 1036 1037 1038 1039 1040 1041 1042 14 2
926 7 1036 1037 1038 1039 1040 1041 1042 5 2
927 5 1031 1032 1033 1034 1035 1 2
928 3 1007 1008 1009 37 2
929 6 986 987 988 989 990 991 38 5
930 7 959 960 961 962 963 964 965 20 5
931 3 956 957 958 26 2
932 6 950 951 952 953 954 955 32 5
933 3 934 935 936 1 3
934 7 1036 1037 1038 1039 1040 1041 1042 11 4
935 7 1024 1025 1026 1027 1028 1029 1030 1 5
936 4 996 997 998 999 23 5
937 6 1154 1155 1156 1157 1158 1159 61 5
938 7 1036 1037 1038 1039 1040 1041 1042 48 4
939 3 1004 1005 1006 12 2
940 4 1000 1001 1002 1003 15 1
941 4 996 997 998 999 3 4
942 6 986 987 988 989 990 991 17 3
943 6 944 945 946 947 948 949 5 5
944 5 969 970 971 972 973 12 4
945 10 1059 1060 1061 1062 1063 1064 1065 1066 1067 1068 48 5
946 7 1036 1037 1038 1039 1040 1041 1042 43 4
947 3 1007 1008 1009 11 2
948 4 1000 1001 1002 1003 10 3
949 3 966 967 968 4 4
950 4 1293 1294 1295 1296 14 4
951 3 1043 1044 1045 42 5
952 2 1010 1011 4 5
953 3 1007 1008 1009 5 5
954 3 1004 1005 1006 1 2
955 4 1000 1001 1002 1003 4 2
956 4 1219 1220 1221 1222 13 3
957 10 1059 1060 1061 1062 1063 1064 1065 1066 1067 1068 48 4
958 3 1007 1008 1009 11 5
959 4 992 993 994 995 13 4
960 4 1104 1105 1106 1107 52 5
961 7 1024 1025 1026 1027 1028 1029 1030 36 1
962 6 1018 1019 1020 1021 1022 1023 20 2
963 3 1015 1016 1017 22 4
964 3 1004 1005 1006 13 5
965 5 969 970 971 972 973 18 2
966 7 1297 1298 1299 1300 1301 1302 1303 15 5
967 3 1012 1013 1014 1 3
968 6 986 987 988 989 990 991 8 5
969 4 1319 1320 1321 1322 14 5
970 4 1100 1101 1102 1103 47 5
971 4 1088 1089 1090 1091 43 2
972 4 1078 1079 1080 1081 41 5
973 3 1015 1016 1017 4 2
974 6 986 987 988 989 990 991 15 3
975 7 1024 1025 1026 1027 1028 1029 1030 33 1
976 4 1232 1233 1234 1235 13 5
977 6 1120 1121 1122 1123 1124 1125 5 3
978 5 1115 1116 1117 1118 1119 2 4
979 4 1088 1089 1090 1091 3 2
980 6 1082 1083 1084 1085 1086 1087 53 1
981 4 1046 1047 1048 1049 13 2
982 5 1031 1032 1033 1034 1035 36 5
983 7 1024 1025 1026 1027 1028 1029 1030 31 1
984 6 1018 1019 1020 1021 1022 1023 15 2
985 3 1015 1016 1017 17 3
986 6 1082 1083 1084 1085 1086 1087 40 4
987 4 1104 1105 1106 1107 34 4
988 4 1100 1101 1102 1103 47 1
989 4 1088 1089 1090 1091 43 3
990 3 1043 1044 1045 36 3
991 6 1018 1019 1020 1021 1022 1023 2 5
992 4 1403 1404 1405 1406 11 2
993 5 1115 1116 1117 1118 1119 46 1
994 4 1078 1079 1080 1081 46 2
995 3 1043 1044 1045 41 3
996 0 14 4
997 4 1100 1101 1102 1103 3 3
998 9 1069 1070 1071 1072 1073 1074 1075 1076 1077 2 2
999 4 1046 1047 1048 1049 14 2
1000 4 1279 1280 1281 1282 11 1
1001 4 1046 1047 1048 1049 2 2
1002 5 1031 1032 1033 1034 1035 25 4
1003 3 1007 1008 1009 1 4
1004 7 1306 1307 1308 1309 1310 1311 1312 11 1
1005 4 1145 1146 1147 1148 2 1
1006 3 1108 1109 1110 45 5
1007 2 1129 1130 47 5
1008 9 1050 1051 1052 1053 1054 1055 1056 1057 1058 39 3
1009 3 1015 1016 1017 5 5
1010 4 1197 1198 1199 1200 13 1
1011 3 1126 1127 1128 1 3
1012 4 1100 1101 1102 1103 54 5
1013 5 1131 1132 1133 1134 1135 51 3
1014 8 1092 1093 1094 1095 1096 1097 1098 1099 1 5
1015 7 1024 1025 1026 1027 1028 1029 1030 14 3
1016 4 1088 1089 1090 1091 39 3
1017 4 1078 1079 1080 1081 37 4
1018 2 1422 1423 14 2
1019 5 1149 1150 1151 1152 1153 1 4
1020 2 1129 1130 44 3
1021 6 1120 1121 1122 1123 1124 1125 52 2
1022 5 1031 1032 1033 1034 1035 21 2
1023 7 1024 1025 1026 1027 1028 1029 1030 16 4
1024 7 1036 1037 1038 1039 1040 1041 1042 13 2
1025 8 1160 1161 1162 1163 1164 1165 1166 1167 32 1
1026 5 1131 1132 1133 1134 1135 26 2
1027 6 1120 1121 1122 1123 1124 1125 36 1
1028 4 1100 1101 1102 1103 29 5
1029 10 1059 1060 1061 1062 1063 1064 1065 1066 1067 1068 18 5
1030 5 1031 1032 1033 1034 1035 5 5
1031 7 1168 1169 1170 1171 1172 1173 1174 32 5
1032 3 1108 1109 1110 17 1
1033 4 1104 1105 1106 1107 11 1
1034 3 1043 1044 1045 13 2
1035 7 1036 1037 1038 1039 1040 1041 1042 8 5
1036 4 1403 1404 1405 1406 15 1
1037 5 1149 1150 1151 1152 1153 27 4
1038 6 1120 1121 1122 1123 1124 1125 23 4
1039 4 1104 1105 1106 1107 3 3
1040 4 1100 1101 1102 1103 16 4
1041 10 1059 1060 1061 1062 1063 1064 1065 1066 1067 1068 5 1
1042 3 1043 1044 1045 5 3
1043 8 1092 1093 1094 1095 1096 1097 1098 1099 13 1
1044 5 1115 1116 1117 1118 1119 5 5
1045 9 1050 1051 1052 1053 1054 1055 1056 1057 1058 2 1
1046 3 1126 1127 1128 58 4
1047 2 1182 1183 5 1
1048 7 1175 1176 1177 1178 1179 1180 1181 1 5
1049 5 1149 1150 1151 1152 1153 2 4
1050 1 1432 15 5
1051 6 1154 1155 1156 1157 1158 1159 6 2
1052 4 1145 1146 1147 1148 14 3
1053 6 1120 1121 1122 1123 1124 1125 16 4
1054 5 1115 1116 1117 1118 1119 3 5
1055 3 1108 1109 1110 2 1
1056 8 1092 1093 1094 1095 1096 1097 1098 1099 11 2
1057 4 1088 1089 1090 1091 5 1
1058 9 1069 1070 1071 1072 1073 1074 1075 1076 1077 5 4
1059 5 1136 1137 1138 1139 1140 11 2
1060 2 1182 1183 24 5
1061 7 1168 1169 1170 1171 1172 1173 1174 19 5
1062 4 1145 1146 1147 1148 16 1
1063 5 1131 1132 1133 1134 1135 8 5
1064 6 1120 1121 1122 1123 1124 1125 18 1
1065 4 1100 1101 1102 1103 11 3
1066 6 1082 1083 1084 1085 1086 1087 4 4
1067 4 1078 1079 1080 1081 5 1
1068 9 1069 1070 1071 1072 1073 1074 1075 1076 1077 7 5
1069 5 1274 1275 1276 1277 1278 59 1
1070 2 1182 1183 17 2
1071 7 1168 1169 1170 1171 1172 1173 1174 12 4
1072 8 1160 1161 1162 1163 1164 1165 1166 1167 7 2
1073 5 1136 1137 1138 1139 1140 4 5
1074 2 1129 1130 3 1
1075 3 1126 1127 1128 15 5
1076 6 1120 1121 1122 1123 1124 1125 11 1
1077 8 1092 1093 1094 1095 1096 1097 1098 1099 6 3
1078 1 1292 59 5
1079 7 1175 1176 1177 1178 1179 1180 1181 22 5
1080 5 1131 1132 1133 1134 1135 3 2
1081 4 1100 1101 1102 1103 6 5
1082 2 1182 1183 20 1
1083 4 1187 1188 1189 1190 24 3
1084 2 1182 1183 20 2
1085 5 1136 1137 1138 1139 1140 7 1
1086 2 1129 1130 6 5
1087 4 1088 1089 1090 1091 3 5
1088 6 1313 1314 1315 1316 1317 1318 13 1
1089 3 1184 1185 1186 16 3
1090 5 1131 1132 1133 1134 1135 1 1
1091 4 1100 1101 1102 1103 4 4
1092 4 1391 1392 1393 1394 13 4
1093 5 1205 1206 1207 1208 1209 4 3
1094 3 1191 1192 1193 18 2
1095 4 1187 1188 1189 1190 15 2
1096 7 1168 1169 1170 1171 1172 1173 1174 6 4
1097 5 1149 1150 1151 1152 1153 9 4
1098 4 1141 1142 1143 1144 5 3
1099 3 1126 1127 1128 9 5
1100 7 1297 1298 1299 1300 1301 1302 1303 42 3
1101 6 1223 1224 1225 1226 1227 1228 43 4
1102 4 1187 1188 1189 1190 17 5
1103 4 1145 1146 1147 1148 5 4
1104 4 1201 1202 1203 1204 44 2
1105 4 1197 1198 1199 1200 30 2
1106 7 1168 1169 1170 1171 1172 1173 1174 21 2
1107 4 1141 1142 1143 1144 20 1
1108 6 1120 1121 1122 1123 1124 1125 14 2
1109 7 1236 1237 1238 1239 1240 1241 1242 42 5
1110 6 1154 1155 1156 1157 1158 1159 4 4
1111 1 1417 15 1
1112 3 1210 1211 1212 2 3
1113 5 1136 1137 1138 1139 1140 3 3
1114 3 1126 1127 1128 3 2
1115 5 1375 1376 1377 1378 1379 15 3
1116 7 1248 1249 1250 1251 1252 1253 1254 2 2
1117 4 1187 1188 1189 1190 23 2
1118 3 1184 1185 1186 18 3
1119 2 1182 1183 19 2
1120 3 1210 1211 1212 15 4
1121 4 1232 1233 1234 1235 40 2
1122 3 1210 1211 1212 15 1
1123 3 1184 1185 1186 5 3
1124 7 1168 1169 1170 1171 1172 1173 1174 1 4
1125 3 1126 1127 1128 4 2
1126 2 1304 1305 50 4
1127 3 1184 1185 1186 1 3
1128 7 1175 1176 1177 1178 1179 1180 1181 5 1
1129 4 1319 1320 1321 1322 15 1
1130 8 1255 1256 1257 1258 1259 1260 1261 1262 52 4
1131 5 1149 1150 1151 1152 1153 14 3
1132 7 1248 1249 1250 1251 1252 1253 1254 52 4
1133 3 1229 1230 1231 49 1
1134 6 1223 1224 1225 1226 1227 1228 46 5
1135 4 1187 1188 1189 1190 20 2
1136 7 1236 1237 1238 1239 1240 1241 1242 35 4
1137 4 1232 1233 1234 1235 47 5
1138 4 1187 1188 1189 1190 17 1
1139 7 1175 1176 1177 1178 1179 1180 1181 16 4
1140 8 1160 1161 1162 1163 1164 1165 1166 1167 3 5
1141 7 1306 1307 1308 1309 1310 1311 1312 62 1
1142 7 1236 1237 1238 1239 1240 1241 1242 28 4
1143 4 1232 1233 1234 1235 40 3
1144 2 1182 1183 6 4
1145 5 1243 1244 1245 1246 1247 32 3
1146 6 1263 1264 1265 1266 1267 1268 49 2
1147 3 1191 1192 1193 15 2
1148 2 1182 1183 8 2
1149 7 1236 1237 1238 1239 1240 1241 1242 24 4
1150 5 1243 1244 1245 1246 1247 26 5
1151 4 1201 1202 1203 1204 20 5
1152 3 1191 1192 1193 9 3
1153 7 1175 1176 1177 1178 1179 1180 1181 5 5
1154 7 1306 1307 1308 1309 1310 1311 1312 15 3
1155 4 1232 1233 1234 1235 50 4
1156 5 1205 1206 1207 1208 1209 9 5
1157 4 1201 1202 1203 1204 34 3
1158 2 1182 1183 16 1
1159 7 1168 1169 1170 1171 1172 1173 1174 11 2
1160 4 1381 1382 1383 1384 12 3
1161 1 1292 50 3
1162 8 1255 1256 1257 1258 1259 1260 1261 1262 48 4
1163 7 1236 1237 1238 1239 1240 1241 1242 32 1
1164 6 1213 1214 1215 1216 1217 1218 31 1
1165 5 1205 1206 1207 1208 1209 3 4
1166 3 1184 1185 1186 9 3
1167 2 1182 1183 10 1
1168 7 1306 1307 1308 1309 1310 1311 1312 61 4
1169 5 1269 1270 1271 1272 1273 1 1
1170 6 1263 1264 1265 1266 1267 1268 46 4
1171 6 1213 1214 1215 1216 1217 1218 26 3
1172 4 1201 1202 1203 1204 23 4
1173 3 1184 1185 1186 4 4
1174 2 1182 1183 5 3
1175 2 1385 1386 60 2
1176 5 1274 1275 1276 1277 1278 39 5
1177 5 1269 1270 1271 1272 1273 45 2
1178 6 1213 1214 1215 1216 1217 1218 18 2
1179 3 1210 1211 1212 6 4
1180 4 1197 1198 1199 1200 1 5
1181 4 1187 1188 1189 1190 1 2
1182 2 1420 1421 11 3
1183 4 1279 1280 1281 1282 39 5
1184 1 1380 15 2
1185 4 1288 1289 1290 1291 47 2
1186 6 1213 1214 1215 1216 1217 1218 22 2
1187 4 1201 1202 1203 1204 14 5
1188 5 1274 1275 1276 1277 1278 38 5
1189 4 1201 1202 1203 1204 14 5
1190 3 1191 1192 1193 3 1
1191 6 1213 1214 1215 1216 1217 1218 14 3
1192 8 1255 1256 1257 1258 1259 1260 1261 1262 31 2
1193 4 1201 1202 1203 1204 11 3
1194 8 1350 1351 1352 1353 1354 1355 1356 1357 14 3
1195 7 1297 1298 1299 1300 1301 1302 1303 1 1
1196 1 1292 2 3
1197 4 1381 1382 1383 1384 59 2
1198 4 1319 1320 1321 1322 51 2
1199 5 1269 1270 1271 1272 1273 44 5
1200 6 1263 1264 1265 1266 1267 1268 37 4
1201 6 1223 1224 1225 1226 1227 1228 12 3
1202 8 1330 1331 1332 1333 1334 1335 1336 1337 44 5
1203 1 1292 22 5
1204 8 1255 1256 1257 1258 1259 1260 1261 1262 20 4
1205 1 1431 11 1
1206 4 1279 1280 1281 1282 46 3
1207 5 1274 1275 1276 1277 1278 49 5
1208 4 1219 1220 1221 1222 1 5
1209 6 1213 1214 1215 1216 1217 1218 28 5
1210 7 1365 1366 1367 1368 1369 1370 1371 11 5
1211 6 1313 1314 1315 1316 1317 1318 44 5
1212 6 1263 1264 1265 1266 1267 1268 32 2
1213 4 1381 1382 1383 1384 42 3
1214 6 1344 1345 1346 1347 1348 1349 43 5
1215 5 1269 1270 1271 1272 1273 27 5
1216 5 1243 1244 1245 1246 1247 3 3
1217 7 1236 1237 1238 1239 1240 1241 1242 1 4
1218 6 1223 1224 1225 1226 1227 1228 9 1
1219 3 1372 1373 1374 13 5
1220 4 1288 1289 1290 1291 52 1
1221 7 1236 1237 1238 1239 1240 1241 1242 28 4
1222 6 1223 1224 1225 1226 1227 1228 36 2
1223 5 1274 1275 1276 1277 1278 12 2
1224 1 1380 2 1
1225 7 1358 1359 1360 1361 1362 1363 1364 37 4
1226 6 1338 1339 1340 1341 1342 1343 21 5
1227 4 1232 1233 1234 1235 4 2
1228 3 1229 1230 1231 3 4
1229 3 1372 1373 1374 44 2
1230 7 1248 1249 1250 1251 1252 1253 1254 3 4
1231 4 1232 1233 1234 1235 1 2
1232 3 1428 1429 1430 15 4
1233 7 1358 1359 1360 1361 1362 1363 1364 33 1
1234 8 1350 1351 1352 1353 1354 1355 1356 1357 26 4
1235 1 1292 6 3
1236 6 1338 1339 1340 1341 1342 1343 29 2
1237 5 1375 1376 1377 1378 1379 50 3
1238 7 1365 1366 1367 1368 1369 1370 1371 49 5
1239 7 1323 1324 1325 1326 1327 1328 1329 36 2
1240 7 1306 1307 1308 1309 1310 1311 1312 34 5
1241 1 1292 18 2
1242 4 1279 1280 1281 1282 17 3
1243 8 1255 1256 1257 1258 1259 1260 1261 1262 14 1
1244 4 1319 1320 1321 1322 31 1
1245 7 1297 1298 1299 1300 1301 1302 1303 5 5
1246 4 1293 1294 1295 1296 23 3
1247 8 1255 1256 1257 1258 1259 1260 1261 1262 14 2
1248 5 1269 1270 1271 1272 1273 12 3
1249 1 1390 37 2
1250 3 1372 1373 1374 41 4
1251 7 1365 1366 1367 1368 1369 1370 1371 35 5
1252 7 1358 1359 1360 1361 1362 1363 1364 31 2
1253 8 1330 1331 1332 1333 1334 1335 1336 1337 26 5
1254 8 1255 1256 1257 1258 1259 1260 1261 1262 2 1
1255 1 1380 47 5
1256 6 1344 1345 1346 1347 1348 1349 26 4
1257 2 1304 1305 10 4
1258 1 1292 2 4
1259 4 1288 1289 1290 1291 8 3
1260 4 1279 1280 1281 1282 1 4
1261 5 1269 1270 1271 1272 1273 10 4
1262 6 1263 1264 1265 1266 1267 1268 3 4
1263 1 1411 45 5
1264 5 1395 1396 1397 1398 1399 50 2
1265 3 1372 1373 1374 36 4
1266 4 1319 1320 1321 1322 14 2
1267 6 1313 1314 1315 1316 1317 1318 12 5
1268 4 1288 1289 1290 1291 5 1
1269 2 1420 1421 60 5
1270 1 1380 37 2
1271 6 1338 1339 1340 1341 1342 1343 3 4
1272 7 1323 1324 1325 1326 1327 1328 1329 10 2
1273 6 1313 1314 1315 1316 1317 1318 5 5
1274 7 1306 1307 1308 1309 1310 1311 1312 14 5
1275 4 1381 1382 1383 1384 21 3
1276 1 1380 43 2
1277 8 1350 1351 1352 1353 1354 1355 1356 1357 18 4
1278 7 1323 1324 1325 1326 1327 1328 1329 16 2
1279 6 1313 1314 1315 1316 1317 1318 14 4
1280 1 1411 47 4
1281 4 1381 1382 1383 1384 24 1
1282 5 1283 1284 1285 1286 1287 5 4
1283 4 1407 1408 1409 1410 41 2
1284 3 1387 1388 1389 27 2
1285 6 1338 1339 1340 1341 1342 1343 7 4
1286 8 1330 1331 1332 1333 1334 1335 1336 1337 18 3
1287 2 1304 1305 4 2
1288 4 1407 1408 1409 1410 39 2
1289 1 1417 51 4
1290 7 1365 1366 1367 1368 1369 1370 1371 25 4
1291 4 1293 1294 1295 1296 1 4
1292 4 1381 1382 1383 1384 23 1
1293 1 1431 13 2
1294 4 1407 1408 1409 1410 38 4
1295 7 1365 1366 1367 1368 1369 1370 1371 24 4
1296 7 1358 1359 1360 1361 1362 1363 1364 20 5
1297 3 1400 1401 1402 47 5
1298 2 1420 1421 2 4
1299 1 1411 5 3
1300 4 1403 1404 1405 1406 52 3
1301 5 1395 1396 1397 1398 1399 4 4
1302 3 1372 1373 1374 48 4
1303 7 1358 1359 1360 1361 1362 1363 1364 38 4
1304 1 1417 49 1
1305 7 1306 1307 1308 1309 1310 1311 1312 8 2
1306 7 1358 1359 1360 1361 1362 1363 1364 11 1
1307 1 1424 2 5
1308 1 1417 41 3
1309 1 1411 30 3
1310 4 1403 1404 1405 1406 25 5
1311 3 1372 1373 1374 21 2
1312 7 1323 1324 1325 1326 1327 1328 1329 2 1
1313 2 1426 1427 42 4
1314 5 1412 1413 1414 1415 1416 50 4
1315 2 1385 1386 10 1
1316 1 1380 32 5
1317 5 1375 1376 1377 1378 1379 19 1
1318 4 1319 1320 1321 1322 2 4
1319 4 1403 1404 1405 1406 26 1
1320 2 1418 1419 50 1
1321 1 1411 31 5
1322 1 1380 30 1
1323 3 1387 1388 1389 13 3
1324 5 1395 1396 1397 1398 1399 33 3
1325 2 1385 1386 5 4
1326 5 1375 1376 1377 1378 1379 14 3
1327 8 1350 1351 1352 1353 1354 1355 1356 1357 2 2
1328 6 1344 1345 1346 1347 1348 1349 6 5
1329 8 1330 1331 1332 1333 1334 1335 1336 1337 4 4
1330 2 1420 1421 46 1
1331 1 1431 5 5
1332 2 1418 1419 43 1
1333 3 1400 1401 1402 14 2
1334 3 1387 1388 1389 9 5
1335 2 1385 1386 1 5
1336 4 1381 1382 1383 1384 1 4
1337 6 1344 1345 1346 1347 1348 1349 2 2
1338 4 1403 1404 1405 1406 30 4
1339 1 1424 4 5
1340 2 1420 1421 2 3
1341 1 1380 34 5
1342 3 1372 1373 1374 26 1
1343 8 1350 1351 1352 1353 1354 1355 1356 1357 9 3
1344 3 1372 1373 1374 13 1
1345 0 1 1
1346 2 1426 1427 31 3
1347 1 1424 4 1
1348 2 1420 1421 44 5
1349 4 1391 1392 1393 1394 13 3
1350 1 1390 13 2
1351 1 1424 2 1
1352 4 1407 1408 1409 1410 25 2
1353 3 1400 1401 1402 16 2
1354 4 1391 1392 1393 1394 17 1
1355 3 1372 1373 1374 17 1
1356 7 1365 1366 1367 1368 1369 1370 1371 11 3
1357 7 1358 1359 1360 1361 1362 1363 1364 7 4
1358 2 1422 1423 50 1
1359 1 1431 53 1
1360 1 1417 30 1
1361 1 1411 19 1
1362 3 1400 1401 1402 9 3
1363 5 1395 1396 1397 1398 1399 24 5
1364 7 1365 1366 1367 1368 1369 1370 1371 4 4
1365 1 1411 15 1
1366 1 1432 4 2
1367 1 1431 49 1
1368 1 1417 26 1
1369 5 1412 1413 1414 1415 1416 32 5
1370 3 1400 1401 1402 5 3
1371 5 1375 1376 1377 1378 1379 1 4
1372 1 1432 54 4
1373 1 1432 2 3
1374 4 1403 1404 1405 1406 4 2
1375 1 1380 13 3
1376 1 1432 1 5
1377 1 1431 48 4
1378 4 1407 1408 1409 1410 13 1
1379 3 1400 1401 1402 4 5
1380 1 1417 12 3
1381 4 1391 1392 1393 1394 14 1
1382 0 2 1
1383 2 1420 1421 45 5
1384 3 1387 1388 1389 8 2
1385 2 1422 1423 54 2
1386 4 1391 1392 1393 1394 14 5
1387 1 1417 26 5
1388 2 1420 1421 37 3
1389 3 1400 1401 1402 5 2
1390 1 1417 24 4
1391 5 1395 1396 1397 1398 1399 14 2
1392 0 4 5
1393 1 1425 4 2
1394 4 1407 1408 1409 1410 8 1
1395 5 1412 1413 1414 1415 1416 12 5
1396 0 4 1
1397 1 1431 29 4
1398 3 1428 1429 1430 28 3
1399 2 1426 1427 4 2
1400 2 1422 1423 41 2
1401 1 1432 55 1
1402 2 1418 1419 29 4
1403 2 1422 1423 36 5
1404 0 5 3
1405 1 1431 39 4
1406 4 1407 1408 1409 1410 4 2
1407 5 1412 1413 1414 1415 1416 18 3
1408 1 1424 37 1
1409 5 1412 1413 1414 1415 1416 18 5
1410 1 1411 1 2
1411 2 1422 1423 31 5
1412 2 1422 1423 14 1
1413 0 46 4
1414 1 1432 28 3
1415 2 1422 1423 14 5
1416 2 1418 1419 2 5
1417 0 52 2
1418 2 1422 1423 12 2
1419 2 1420 1421 3 2
1420 1 1424 14 1
1421 2 1422 1423 9 3
1422 1 1432 14 4
1423 3 1428 1429 1430 2 4
1424 1 1425 12 1
1425 0 15 4
1426 3 1428 1429 1430 24 2
1427 1 1431 25 4
1428 0 30 2
1429 1 1432 12 2
1430 1 1431 1 4
1431 1 1432 11 1
1432 0 18 3
