1432
1 4 39 40 41 42 5 1
2 6 25 26 27 28 29 30 4 1
3 8 9 10 11 12 13 14 15 16 5 1
4 3 118 119 120 30 1
5 7 102 103 104 105 106 107 108 16 1
6 6 96 97 98 99 100 101 30 1
7 7 85 86 87 88 89 90 91 25 1
8 8 31 32 33 34 35 36 37 38 2 1
9 4 21 22 23 24 1 1
10 4 17 18 19 20 4 1
11 3 1184 1185 1186 14 1
12 5 160 161 162 163 164 37 1
13 4 133 134 135 136 22 1
14 4 121 122 123 124 28 1
15 6 96 97 98 99 100 101 25 1
16 5 66 67 68 69 70 8 1
17 7 206 207 208 209 210 211 212 30 1
18 5 149 150 151 152 153 29 1
19 3 125 126 127 25 1
20 10 49 50 51 52 53 54 55 56 57 58 1 1
21 4 666 667 668 669 12 1
22 6 154 155 156 157 158 159 34 1
23 4 92 93 94 95 22 1
24 6 43 44 45 46 47 48 5 1
25 5 224 225 226 227 228 45 1
26 6 177 178 179 180 181 182 39 1
27 7 170 171 172 173 174 175 176 30 1
28 5 160 161 162 163 164 18 1
29 4 145 146 147 148 9 1
30 8 137 138 139 140 141 142 143 144 33 1
31 7 959 960 961 962 963 964 965 13 1
32 5 160 161 162 163 164 40 1
33 6 154 155 156 157 158 159 38 1
34 5 149 150 151 152 153 36 1
35 4 145 146 147 148 31 1
36 3 118 119 120 28 1
37 7 85 86 87 88 89 90 91 23 1
38 7 59 60 61 62 63 64 65 2 1
39 4 792 793 794 795 13 1
40 5 186 187 188 189 190 44 1
41 7 170 171 172 173 174 175 176 29 1
42 5 149 150 151 152 153 33 1
43 8 1350 1351 1352 1353 1354 1355 1356 1357 12 1
44 5 160 161 162 163 164 31 1
45 6 154 155 156 157 158 159 29 1
46 7 102 103 104 105 106 107 108 5 1
47 6 96 97 98 99 100 101 19 1
48 5 66 67 68 69 70 2 1
49 3 369 370 371 6 1
50 4 197 198 199 200 38 1
51 5 165 166 167 168 169 25 1
52 6 154 155 156 157 158 159 30 1
53 5 149 150 151 152 153 28 1
54 4 121 122 123 124 23 1
55 3 118 119 120 20 1
56 4 114 115 116 117 5 1
57 5 77 78 79 80 81 10 1
58 5 66 67 68 69 70 3 1
59 4 559 560 561 562 13 1
60 6 177 178 179 180 181 182 39 1
61 7 170 171 172 173 174 175 176 30 1
62 5 165 166 167 168 169 31 1
63 4 121 122 123 124 29 1
64 4 114 115 116 117 11 1
65 5 77 78 79 80 81 16 1
66 6 71 72 73 74 75 76 3 1
67 7 785 786 787 788 789 790 791 13 1
68 5 165 166 167 168 169 22 1
69 4 121 122 123 124 20 1
70 6 96 97 98 99 100 101 17 1
71 6 569 570 571 572 573 574 11 1
72 5 186 187 188 189 190 33 1
73 3 125 126 127 18 1
74 3 118 119 120 14 1
75 3 82 83 84 2 1
76 5 77 78 79 80 81 4 1
77 5 284 285 286 287 288 44 1
78 5 186 187 188 189 190 29 1
79 5 165 166 167 168 169 15 1
80 4 133 134 135 136 7 1
81 7 85 86 87 88 89 90 91 5 1
82 7 266 267 268 269 270 271 272 5 1
83 8 137 138 139 140 141 142 143 144 19 1
84 4 92 93 94 95 10 1
85 7 344 345 346 347 348 349 350 5 1
86 5 186 187 188 189 190 24 1
87 5 149 150 151 152 153 13 1
88 4 145 146 147 148 8 1
89 4 121 122 123 124 8 1
90 3 118 119 120 5 1
91 4 92 93 94 95 3 1
92 4 396 397 398 399 5 1
93 5 201 202 203 204 205 25 1
94 4 145 146 147 148 5 1
95 6 96 97 98 99 100 101 2 1
96 4 912 913 914 915 14 1
97 5 224 225 226 227 228 29 1
98 4 213 214 215 216 21 1
99 5 160 161 162 163 164 12 1
100 6 154 155 156 157 158 159 10 1
101 4 121 122 123 124 3 1
102 4 133 134 135 136 11 1
103 7 206 207 208 209 210 211 212 6 1
104 3 183 184 185 31 1
105 7 170 171 172 173 174 175 176 18 1
106 4 145 146 147 148 17 1
107 5 128 129 130 131 132 1 1
108 5 109 110 111 112 113 1 1
109 7 1175 1176 1177 1178 1179 1180 1181 14 1
110 5 217 218 219 220 221 4 1
111 7 206 207 208 209 210 211 212 25 1
112 6 154 155 156 157 158 159 23 1
113 3 118 119 120 13 1
114 5 872 873 874 875 876 12 1
115 4 235 236 237 238 46 1
116 2 222 223 40 1
117 5 149 150 151 152 153 23 1
118 5 327 328 329 330 331 47 1
119 5 186 187 188 189 190 19 1
120 5 165 166 167 168 169 5 1
121 4 197 198 199 200 15 1
122 5 239 240 241 242 243 29 1
123 7 170 171 172 173 174 175 176 1 1
124 3 125 126 127 1 1
125 4 523 524 525 526 14 1
126 6 229 230 231 232 233 234 24 1
127 8 137 138 139 140 141 142 143 144 3 1
128 4 1391 1392 1393 1394 12 1
129 4 245 246 247 248 5 1
130 6 229 230 231 232 233 234 41 1
131 6 191 192 193 194 195 196 28 1
132 3 183 184 185 30 1
133 5 1131 1132 1133 1134 1135 15 1
134 3 263 264 265 45 1
135 7 206 207 208 209 210 211 212 15 1
136 5 186 187 188 189 190 22 1
137 4 912 913 914 915 15 1
138 5 284 285 286 287 288 27 1
139 1 244 14 1
140 4 235 236 237 238 24 1
141 6 229 230 231 232 233 234 21 1
142 4 213 214 215 216 14 1
143 7 206 207 208 209 210 211 212 5 1
144 5 160 161 162 163 164 5 1
145 5 239 240 241 242 243 29 1
146 5 224 225 226 227 228 26 1
147 4 213 214 215 216 18 1
148 5 149 150 151 152 153 5 1
149 4 396 397 398 399 5 1
150 3 263 264 265 34 1
151 6 177 178 179 180 181 182 5 1
152 5 160 161 162 163 164 4 1
153 6 154 155 156 157 158 159 2 1
154 6 944 945 946 947 948 949 14 1
155 5 239 240 241 242 243 22 1
156 5 224 225 226 227 228 19 1
157 7 206 207 208 209 210 211 212 2 1
158 4 197 198 199 200 8 1
159 6 191 192 193 194 195 196 5 1
160 4 372 373 374 375 43 1
161 4 235 236 237 238 19 1
162 4 197 198 199 200 6 1
163 3 183 184 185 5 1
164 6 177 178 179 180 181 182 1 1
165 5 327 328 329 330 331 42 1
166 2 302 303 21 1
167 7 266 267 268 269 270 271 272 28 1
168 3 263 264 265 37 1
169 6 249 250 251 252 253 254 25 1
170 4 465 466 467 468 11 1
171 7 266 267 268 269 270 271 272 29 1
172 1 244 17 1
173 6 229 230 231 232 233 234 24 1
174 5 224 225 226 227 228 25 1
175 5 186 187 188 189 190 15 1
176 3 183 184 185 13 1
177 5 1131 1132 1133 1134 1135 14 1
178 4 298 299 300 301 23 1
179 3 289 290 291 2 1
180 4 235 236 237 238 18 1
181 6 191 192 193 194 195 196 2 1
182 3 183 184 185 4 1
183 7 618 619 620 621 622 623 624 11 1
184 4 294 295 296 297 25 1
185 5 186 187 188 189 190 2 1
186 7 898 899 900 901 902 903 904 11 1
187 5 322 323 324 325 326 25 1
188 3 263 264 265 23 1
189 1 244 2 1
190 4 213 214 215 216 2 1
191 4 1232 1233 1234 1235 12 1
192 8 310 311 312 313 314 315 316 317 18 1
193 6 304 305 306 307 308 309 20 1
194 2 302 303 11 1
195 7 266 267 268 269 270 271 272 18 1
196 4 197 198 199 200 3 1
197 7 1323 1324 1325 1326 1327 1328 1329 13 1
198 4 318 319 320 321 18 1
199 4 294 295 296 297 24 1
200 5 201 202 203 204 205 5 1
201 5 332 333 334 335 336 29 1
202 2 302 303 3 1
203 7 266 267 268 269 270 271 272 10 1
204 6 229 230 231 232 233 234 5 1
205 2 222 223 2 1
206 6 724 725 726 727 728 729 15 1
207 2 302 303 14 1
208 4 298 299 300 301 24 1
209 3 289 290 291 3 1
210 6 278 279 280 281 282 283 7 1
211 6 249 250 251 252 253 254 18 1
212 2 222 223 13 1
213 3 563 564 565 13 1
214 2 302 303 5 1
215 5 273 274 275 276 277 15 1
216 8 255 256 257 258 259 260 261 262 5 1
217 2 1385 1386 13 1
218 8 310 311 312 313 314 315 316 317 42 1
219 4 298 299 300 301 45 1
220 7 266 267 268 269 270 271 272 42 1
221 3 263 264 265 51 1
222 7 539 540 541 542 543 544 545 8 1
223 5 224 225 226 227 228 4 1
224 8 424 425 426 427 428 429 430 431 28 1
225 4 294 295 296 297 13 1
226 5 284 285 286 287 288 5 1
227 6 249 250 251 252 253 254 1 1
228 4 235 236 237 238 2 1
229 6 360 361 362 363 364 365 20 1
230 3 351 352 353 25 1
231 7 337 338 339 340 341 342 343 16 1
232 5 327 328 329 330 331 19 1
233 4 294 295 296 297 14 1
234 5 239 240 241 242 243 4 1
235 7 1036 1037 1038 1039 1040 1041 1042 13 1
236 3 366 367 368 18 1
237 4 298 299 300 301 5 1
238 5 239 240 241 242 243 1 1
239 4 1046 1047 1048 1049 11 1
240 7 344 345 346 347 348 349 350 14 1
241 4 298 299 300 301 4 1
242 2 292 293 5 1
243 4 245 246 247 248 5 1
244 2 400 401 42 1
245 3 761 762 763 15 1
246 3 366 367 368 12 1
247 4 294 295 296 297 5 1
248 3 263 264 265 5 1
249 9 530 531 532 533 534 535 536 537 538 59 1
250 5 354 355 356 357 358 6 1
251 8 310 311 312 313 314 315 316 317 3 1
252 6 304 305 306 307 308 309 5 1
253 7 266 267 268 269 270 271 272 3 1
254 3 263 264 265 12 1
255 3 761 762 763 12 1
256 4 376 377 378 379 26 1
257 6 360 361 362 363 364 365 22 1
258 1 359 20 1
259 5 327 328 329 330 331 21 1
260 4 318 319 320 321 10 1
261 8 310 311 312 313 314 315 316 317 7 1
262 6 278 279 280 281 282 283 13 1
263 4 1319 1320 1321 1322 12 1
264 5 327 328 329 330 331 5 1
265 5 322 323 324 325 326 2 1
266 4 912 913 914 915 15 1
267 4 396 397 398 399 20 1
268 4 372 373 374 375 22 1
269 3 366 367 368 16 1
270 5 354 355 356 357 358 3 1
271 6 278 279 280 281 282 283 6 1
272 5 273 274 275 276 277 3 1
273 3 508 509 510 25 1
274 4 381 382 383 384 23 1
275 4 372 373 374 375 19 1
276 4 294 295 296 297 6 1
277 6 278 279 280 281 282 283 3 1
278 4 552 553 554 555 54 1
279 4 381 382 383 384 20 1
280 4 372 373 374 375 16 1
281 3 369 370 371 1 1
282 7 344 345 346 347 348 349 350 7 1
283 7 337 338 339 340 341 342 343 5 1
284 4 772 773 774 775 11 1
285 6 402 403 404 405 406 407 38 1
286 1 380 23 1
287 4 376 377 378 379 18 1
288 5 332 333 334 335 336 18 1
289 7 1248 1249 1250 1251 1252 1253 1254 14 1
290 4 392 393 394 395 43 1
291 3 369 370 371 25 1
292 4 1407 1408 1409 1410 12 1
293 4 376 377 378 379 15 1
294 5 1115 1116 1117 1118 1119 15 1
295 4 392 393 394 395 16 1
296 3 351 352 353 11 1
297 7 344 345 346 347 348 349 350 4 1
298 3 508 509 510 25 1
299 6 402 403 404 405 406 407 36 1
300 4 392 393 394 395 22 1
301 1 359 10 1
302 4 372 373 374 375 29 1
303 4 396 397 398 399 7 1
304 3 366 367 368 14 1
305 5 416 417 418 419 420 32 1
306 6 402 403 404 405 406 407 37 1
307 2 400 401 28 1
308 4 381 382 383 384 24 1
309 4 318 319 320 321 1 1
310 3 1428 1429 1430 12 1
311 4 451 452 453 454 40 1
312 7 438 439 440 441 442 443 444 30 1
313 6 402 403 404 405 406 407 9 1
314 4 392 393 394 395 25 1
315 4 376 377 378 379 9 1
316 4 372 373 374 375 22 1
317 5 327 328 329 330 331 14 1
318 7 776 777 778 779 780 781 782 14 1
319 8 408 409 410 411 412 413 414 415 16 1
320 1 359 10 1
321 5 327 328 329 330 331 11 1
322 4 1111 1112 1113 1114 1 1
323 8 1160 1161 1162 1163 1164 1165 1166 1167 11 1
324 3 421 422 423 14 1
325 5 416 417 418 419 420 23 1
326 4 372 373 374 375 11 1
327 3 421 422 423 11 1
328 4 392 393 394 395 11 1
329 4 372 373 374 375 8 1
330 6 360 361 362 363 364 365 1 1
331 5 332 333 334 335 336 5 1
332 5 1031 1032 1033 1034 1035 14 1
333 4 455 456 457 458 26 1
334 8 424 425 426 427 428 429 430 431 5 1
335 4 372 373 374 375 3 1
336 3 351 352 353 1 1
337 6 836 837 838 839 840 841 13 1
338 7 438 439 440 441 442 443 444 19 1
339 6 432 433 434 435 436 437 13 1
340 8 424 425 426 427 428 429 430 431 13 1
341 4 396 397 398 399 9 1
342 4 372 373 374 375 11 1
343 1 359 2 1
344 2 1420 1421 11 1
345 6 469 470 471 472 473 474 27 1
346 4 451 452 453 454 27 1
347 6 445 446 447 448 449 450 30 1
348 6 432 433 434 435 436 437 11 1
349 3 421 422 423 12 1
350 3 351 352 353 7 1
351 10 976 977 978 979 980 981 982 983 984 985 12 1
352 4 455 456 457 458 25 1
353 4 392 393 394 395 5 1
354 6 1018 1019 1020 1021 1022 1023 14 1
355 9 475 476 477 478 479 480 481 482 483 40 1
356 6 402 403 404 405 406 407 36 1
357 4 392 393 394 395 22 1
358 3 366 367 368 13 1
359 4 455 456 457 458 32 1
360 4 451 452 453 454 25 1
361 3 505 506 507 34 1
362 7 488 489 490 491 492 493 494 23 1
363 4 484 485 486 487 31 1
364 4 376 377 378 379 4 1
365 3 366 367 368 1 1
366 5 511 512 513 514 515 33 1
367 8 408 409 410 411 412 413 414 415 3 1
368 4 396 397 398 399 4 1
369 5 579 580 581 582 583 53 1
370 3 508 509 510 21 1
371 8 408 409 410 411 412 413 414 415 12 1
372 4 1187 1188 1189 1190 11 1
373 3 505 506 507 27 1
374 6 459 460 461 462 463 464 2 1
375 4 381 382 383 384 4 1
376 6 569 570 571 572 573 574 35 1
377 6 432 433 434 435 436 437 5 1
378 7 385 386 387 388 389 390 391 8 1
379 1 380 5 1
380 6 402 403 404 405 406 407 15 1
381 3 1428 1429 1430 13 1
382 7 488 489 490 491 492 493 494 12 1
383 4 455 456 457 458 19 1
384 7 385 386 387 388 389 390 391 1 1
385 4 451 452 453 454 13 1
386 3 505 506 507 22 1
387 6 469 470 471 472 473 474 13 1
388 4 465 466 467 468 21 1
389 4 451 452 453 454 13 1
390 7 438 439 440 441 442 443 444 3 1
391 2 400 401 3 1
392 5 500 501 502 503 504 25 1
393 6 469 470 471 472 473 474 15 1
394 4 465 466 467 468 23 1
395 6 445 446 447 448 449 450 18 1
396 2 1420 1421 12 1
397 3 520 521 522 32 1
398 5 511 512 513 514 515 29 1
399 3 508 509 510 8 1
400 7 745 746 747 748 749 750 751 15 1
401 5 416 417 418 419 420 4 1
402 7 1024 1025 1026 1027 1028 1029 1030 14 1
403 4 523 524 525 526 9 1
404 3 505 506 507 10 1
405 6 469 470 471 472 473 474 1 1
406 4 465 466 467 468 9 1
407 6 445 446 447 448 449 450 4 1
408 3 615 616 617 24 1
409 3 546 547 548 40 1
410 9 530 531 532 533 534 535 536 537 538 37 1
411 4 516 517 518 519 28 1
412 7 488 489 490 491 492 493 494 19 1
413 4 455 456 457 458 26 1
414 6 432 433 434 435 436 437 5 1
415 3 421 422 423 6 1
416 6 944 945 946 947 948 949 15 1
417 3 527 528 529 14 1
418 4 523 524 525 526 14 1
419 7 488 489 490 491 492 493 494 4 1
420 4 484 485 486 487 12 1
421 4 805 806 807 808 62 1
422 9 530 531 532 533 534 535 536 537 538 31 1
423 9 475 476 477 478 479 480 481 482 483 18 1
424 3 1210 1211 1212 11 1
425 3 566 567 568 33 1
426 3 546 547 548 35 1
427 5 511 512 513 514 515 25 1
428 3 508 509 510 4 1
429 5 495 496 497 498 499 23 1
430 6 445 446 447 448 449 450 19 1
431 7 438 439 440 441 442 443 444 6 1
432 6 944 945 946 947 948 949 15 1
433 3 566 567 568 33 1
434 3 546 547 548 35 1
435 9 530 531 532 533 534 535 536 537 538 32 1
436 3 527 528 529 24 1
437 5 495 496 497 498 499 23 1
438 4 662 663 664 665 53 1
439 4 552 553 554 555 30 1
440 3 549 550 551 28 1
441 5 495 496 497 498 499 17 1
442 4 465 466 467 468 18 1
443 4 451 452 453 454 10 1
444 6 445 446 447 448 449 450 13 1
445 7 1168 1169 1170 1171 1172 1173 1174 13 1
446 5 579 580 581 582 583 27 1
447 4 559 560 561 562 17 1
448 3 546 547 548 16 1
449 4 523 524 525 526 5 1
450 4 516 517 518 519 4 1
451 2 1182 1183 14 1
452 3 556 557 558 21 1
453 3 549 550 551 18 1
454 4 455 456 457 458 5 1
455 2 1420 1421 11 1
456 6 569 570 571 572 573 574 9 1
457 3 563 564 565 20 1
458 4 465 466 467 468 3 1
459 9 925 926 927 928 929 930 931 932 933 15 1
460 4 575 576 577 578 38 1
461 3 563 564 565 41 1
462 9 530 531 532 533 534 535 536 537 538 32 1
463 3 527 528 529 24 1
464 4 465 466 467 468 24 1
465 6 755 756 757 758 759 760 12 1
466 3 597 598 599 16 1
467 7 539 540 541 542 543 544 545 2 1
468 3 505 506 507 1 1
469 6 823 824 825 826 827 828 11 1
470 3 563 564 565 25 1
471 7 539 540 541 542 543 544 545 10 1
472 9 530 531 532 533 534 535 536 537 538 16 1
473 3 527 528 529 8 1
474 9 475 476 477 478 479 480 481 482 483 3 1
475 3 1004 1005 1006 13 1
476 7 539 540 541 542 543 544 545 7 1
477 9 530 531 532 533 534 535 536 537 538 13 1
478 3 527 528 529 5 1
479 4 523 524 525 526 5 1
480 3 520 521 522 9 1
481 4 516 517 518 519 4 1
482 5 495 496 497 498 499 4 1
483 4 484 485 486 487 3 1
484 3 1043 1044 1045 15 1
485 4 575 576 577 578 16 1
486 5 511 512 513 514 515 3 1
487 5 500 501 502 503 504 4 1
488 3 1043 1044 1045 13 1
489 3 615 616 617 5 1
490 5 610 611 612 613 614 37 1
491 4 606 607 608 609 25 1
492 6 600 601 602 603 604 605 28 1
493 3 546 547 548 21 1
494 3 505 506 507 11 1
495 6 944 945 946 947 948 949 13 1
496 6 587 588 589 590 591 592 22 1
497 4 552 553 554 555 13 1
498 3 505 506 507 2 1
499 5 500 501 502 503 504 3 1
500 4 1201 1202 1203 1204 13 1
501 4 606 607 608 609 13 1
502 3 597 598 599 14 1
503 3 546 547 548 9 1
504 3 520 521 522 2 1
505 5 639 640 641 642 643 14 1
506 6 600 601 602 603 604 605 17 1
507 3 520 521 522 3 1
508 3 1043 1044 1045 11 1
509 6 587 588 589 590 591 592 41 1
510 4 559 560 561 562 32 1
511 6 1344 1345 1346 1347 1348 1349 12 1
512 5 579 580 581 582 583 21 1
513 6 569 570 571 572 573 574 5 1
514 4 559 560 561 562 11 1
515 9 530 531 532 533 534 535 536 537 538 7 1
516 4 1279 1280 1281 1282 13 1
517 4 606 607 608 609 16 1
518 9 530 531 532 533 534 535 536 537 538 9 1
519 4 523 524 525 526 1 1
520 4 801 802 803 804 63 1
521 3 584 585 586 7 1
522 9 530 531 532 533 534 535 536 537 538 4 1
523 4 552 553 554 555 12 1
524 4 658 659 660 661 41 1
525 4 552 553 554 555 12 1
526 3 546 547 548 11 1
527 6 1313 1314 1315 1316 1317 1318 14 1
528 4 593 594 595 596 23 1
529 4 575 576 577 578 14 1
530 5 1283 1284 1285 1286 1287 15 1
531 4 658 659 660 661 33 1
532 6 644 645 646 647 648 649 22 1
533 6 625 626 627 628 629 630 17 1
534 3 566 567 568 1 1
535 4 559 560 561 562 4 1
536 3 556 557 558 5 1
537 3 549 550 551 2 1
538 3 546 547 548 3 1
539 3 1126 1127 1128 14 1
540 4 666 667 668 669 27 1
541 4 662 663 664 665 33 1
542 7 618 619 620 621 622 623 624 22 1
543 3 584 585 586 9 1
544 3 563 564 565 15 1
545 4 552 553 554 555 10 1
546 5 1395 1396 1397 1398 1399 14 1
547 5 639 640 641 642 643 4 1
548 3 636 637 638 27 1
549 7 1168 1169 1170 1171 1172 1173 1174 11 1
550 6 587 588 589 590 591 592 11 1
551 3 563 564 565 7 1
552 2 783 784 11 1
553 8 677 678 679 680 681 682 683 684 41 1
554 4 666 667 668 669 17 1
555 4 575 576 577 578 2 1
556 8 842 843 844 845 846 847 848 849 11 1
557 8 650 651 652 653 654 655 656 657 27 1
558 6 600 601 602 603 604 605 5 1
559 7 776 777 778 779 780 781 782 15 1
560 6 600 601 602 603 604 605 6 1
561 4 593 594 595 596 11 1
562 3 563 564 565 5 1
563 1 1425 12 1
564 6 587 588 589 590 591 592 4 1
565 5 579 580 581 582 583 5 1
566 7 618 619 620 621 622 623 624 15 1
567 7 670 671 672 673 674 675 676 19 1
568 5 579 580 581 582 583 13 1
569 9 1050 1051 1052 1053 1054 1055 1056 1057 1058 12 1
570 4 717 718 719 720 53 1
571 4 705 706 707 708 20 1
572 8 677 678 679 680 681 682 683 684 47 1
573 6 587 588 589 590 591 592 15 1
574 3 584 585 586 5 1
575 10 976 977 978 979 980 981 982 983 984 985 11 1
576 3 636 637 638 24 1
577 6 625 626 627 628 629 630 11 1
578 4 606 607 608 609 1 1
579 5 920 921 922 923 924 12 1
580 4 705 706 707 708 4 1
581 8 677 678 679 680 681 682 683 684 31 1
582 4 658 659 660 661 19 1
583 6 625 626 627 628 629 630 3 1
584 1 1380 11 1
585 8 650 651 652 653 654 655 656 657 29 1
586 3 597 598 599 5 1
587 7 1358 1359 1360 1361 1362 1363 1364 14 1
588 4 705 706 707 708 5 1
589 6 699 700 701 702 703 704 10 1
590 4 662 663 664 665 14 1
591 3 636 637 638 17 1
592 4 593 594 595 596 2 1
593 3 1387 1388 1389 14 1
594 4 730 731 732 733 33 1
595 6 699 700 701 702 703 704 8 1
596 5 610 611 612 613 614 4 1
597 3 1004 1005 1006 11 1
598 4 705 706 707 708 10 1
599 4 658 659 660 661 25 1
600 5 1031 1032 1033 1034 1035 15 1
601 4 717 718 719 720 41 1
602 6 711 712 713 714 715 716 30 1
603 2 709 710 27 1
604 4 662 663 664 665 17 1
605 7 618 619 620 621 622 623 624 6 1
606 6 755 756 757 758 759 760 14 1
607 7 745 746 747 748 749 750 751 3 1
608 4 666 667 668 669 14 1
609 4 662 663 664 665 20 1
610 3 1007 1008 1009 14 1
611 5 734 735 736 737 738 36 1
612 6 724 725 726 727 728 729 46 1
613 2 709 710 18 1
614 4 666 667 668 669 2 1
615 5 734 735 736 737 738 11 1
616 7 670 671 672 673 674 675 676 33 1
617 5 631 632 633 634 635 5 1
618 4 883 884 885 886 14 1
619 5 734 735 736 737 738 39 1
620 4 717 718 719 720 35 1
621 8 685 686 687 688 689 690 691 692 6 1
622 8 677 678 679 680 681 682 683 684 29 1
623 7 670 671 672 673 674 675 676 4 1
624 3 636 637 638 14 1
625 3 636 637 638 13 1
626 7 745 746 747 748 749 750 751 1 1
627 4 705 706 707 708 1 1
628 8 677 678 679 680 681 682 683 684 28 1
629 6 644 645 646 647 648 649 5 1
630 3 636 637 638 13 1
631 7 1297 1298 1299 1300 1301 1302 1303 13 1
632 5 734 735 736 737 738 4 1
633 6 724 725 726 727 728 729 2 1
634 2 709 710 45 1
635 5 639 640 641 642 643 15 1
636 6 1082 1083 1084 1085 1086 1087 14 1
637 7 745 746 747 748 749 750 751 39 1
638 8 650 651 652 653 654 655 656 657 2 1
639 4 912 913 914 915 15 1
640 6 755 756 757 758 759 760 4 1
641 3 752 753 754 43 1
642 2 709 710 30 1
643 4 658 659 660 661 26 1
644 3 956 957 958 13 1
645 4 764 765 766 767 13 1
646 6 755 756 757 758 759 760 51 1
647 3 752 753 754 28 1
648 4 662 663 664 665 5 1
649 8 650 651 652 653 654 655 656 657 10 1
650 3 1194 1195 1196 5 1
651 2 1129 1130 11 1
652 3 761 762 763 39 1
653 6 755 756 757 758 759 760 41 1
654 6 724 725 726 727 728 729 33 1
655 2 709 710 5 1
656 8 677 678 679 680 681 682 683 684 13 1
657 4 658 659 660 661 1 1
658 8 677 678 679 680 681 682 683 684 12 1
659 4 764 765 766 767 2 1
660 6 724 725 726 727 728 729 32 1
661 3 721 722 723 19 1
662 3 1372 1373 1374 12 1
663 4 772 773 774 775 2 1
664 5 734 735 736 737 738 28 1
665 3 721 722 723 25 1
666 2 1182 1183 12 1
667 2 783 784 3 1
668 4 772 773 774 775 8 1
669 4 768 769 770 771 53 1
670 4 768 769 770 771 54 1
671 7 776 777 778 779 780 781 782 2 1
672 3 752 753 754 30 1
673 6 739 740 741 742 743 744 50 1
674 4 730 731 732 733 28 1
675 6 699 700 701 702 703 704 3 1
676 8 685 686 687 688 689 690 691 692 2 1
677 6 1018 1019 1020 1021 1022 1023 13 1
678 5 796 797 798 799 800 29 1
679 4 792 793 794 795 28 1
680 3 752 753 754 5 1
681 4 730 731 732 733 3 1
682 3 721 722 723 7 1
683 4 717 718 719 720 6 1
684 6 693 694 695 696 697 698 4 1
685 4 883 884 885 886 62 1
686 5 818 819 820 821 822 54 1
687 9 809 810 811 812 813 814 815 816 817 3 1
688 4 801 802 803 804 37 1
689 3 752 753 754 28 1
690 7 745 746 747 748 749 750 751 47 1
691 4 717 718 719 720 29 1
692 6 693 694 695 696 697 698 27 1
693 7 1024 1025 1026 1027 1028 1029 1030 12 1
694 5 796 797 798 799 800 25 1
695 7 785 786 787 788 789 790 791 26 1
696 3 752 753 754 1 1
697 3 721 722 723 3 1
698 4 717 718 719 720 2 1
699 5 796 797 798 799 800 51 1
700 5 818 819 820 821 822 53 1
701 4 768 769 770 771 51 1
702 6 755 756 757 758 759 760 50 1
703 7 745 746 747 748 749 750 751 46 1
704 2 709 710 14 1
705 8 1255 1256 1257 1258 1259 1260 1261 1262 12 1
706 4 730 731 732 733 30 1
707 4 717 718 719 720 33 1
708 6 711 712 713 714 715 716 22 1
709 3 1387 1388 1389 15 1
710 6 711 712 713 714 715 716 3 1
711 6 836 837 838 839 840 841 54 1
712 6 836 837 838 839 840 841 3 1
713 4 768 769 770 771 34 1
714 3 761 762 763 31 1
715 6 739 740 741 742 743 744 30 1
716 6 724 725 726 727 728 729 25 1
717 2 829 830 30 1
718 5 818 819 820 821 822 25 1
719 4 768 769 770 771 23 1
720 5 734 735 736 737 738 4 1
721 6 724 725 726 727 728 729 13 1
722 5 734 735 736 737 738 3 1
723 6 724 725 726 727 728 729 13 1
724 1 1390 12 1
725 6 866 867 868 869 870 871 36 1
726 5 831 832 833 834 835 15 1
727 2 829 830 16 1
728 7 785 786 787 788 789 790 791 10 1
729 7 745 746 747 748 749 750 751 4 1
730 7 905 906 907 908 909 910 911 11 1
731 5 818 819 820 821 822 28 1
732 7 745 746 747 748 749 750 751 21 1
733 5 734 735 736 737 738 7 1
734 6 739 740 741 742 743 744 15 1
735 6 836 837 838 839 840 841 39 1
736 4 801 802 803 804 4 1
737 7 745 746 747 748 749 750 751 14 1
738 6 739 740 741 742 743 744 15 1
739 3 956 957 958 58 1
740 4 850 851 852 853 9 1
741 5 796 797 798 799 800 4 1
742 7 785 786 787 788 789 790 791 5 1
743 3 761 762 763 1 1
744 6 755 756 757 758 759 760 3 1
745 3 1015 1016 1017 15 1
746 3 858 859 860 13 1
747 4 854 855 856 857 28 1
748 8 842 843 844 845 846 847 848 849 29 1
749 2 829 830 12 1
750 5 796 797 798 799 800 5 1
751 7 785 786 787 788 789 790 791 6 1
752 3 1191 1192 1193 13 1
753 7 887 888 889 890 891 892 893 1 1
754 3 858 859 860 32 1
755 1 1425 15 1
756 4 883 884 885 886 11 1
757 4 850 851 852 853 6 1
758 2 829 830 8 1
759 9 809 810 811 812 813 814 815 816 817 5 1
760 4 768 769 770 771 1 1
761 10 1059 1060 1061 1062 1063 1064 1065 1066 1067 1068 15 1
762 4 792 793 794 795 2 1
763 7 776 777 778 779 780 781 782 2 1
764 9 925 926 927 928 929 930 931 932 933 15 1
765 7 887 888 889 890 891 892 893 5 1
766 6 866 867 868 869 870 871 3 1
767 6 823 824 825 826 827 828 45 1
768 4 1088 1089 1090 1091 11 1
769 7 887 888 889 890 891 892 893 44 1
770 6 877 878 879 880 881 882 30 1
771 5 831 832 833 834 835 6 1
772 4 1187 1188 1189 1190 11 1
773 5 831 832 833 834 835 51 1
774 4 805 806 807 808 2 1
775 7 785 786 787 788 789 790 791 46 1
776 3 956 957 958 55 1
777 5 920 921 922 923 924 49 1
778 7 887 888 889 890 891 892 893 45 1
779 5 872 873 874 875 876 9 1
780 5 861 862 863 864 865 35 1
781 6 836 837 838 839 840 841 21 1
782 2 783 784 2 1
783 2 1426 1427 14 1
784 3 858 859 860 7 1
785 4 1201 1202 1203 1204 13 1
786 6 866 867 868 869 870 871 26 1
787 3 858 859 860 7 1
788 4 854 855 856 857 22 1
789 4 850 851 852 853 4 1
790 5 831 832 833 834 835 5 1
791 6 823 824 825 826 827 828 5 1
792 6 1338 1339 1340 1341 1342 1343 11 1
793 5 920 921 922 923 924 49 1
794 4 854 855 856 857 24 1
795 5 818 819 820 821 822 3 1
796 8 1330 1331 1332 1333 1334 1335 1336 1337 12 1
797 7 905 906 907 908 909 910 911 5 1
798 7 898 899 900 901 902 903 904 45 1
799 6 836 837 838 839 840 841 20 1
800 2 829 830 7 1
801 2 829 830 22 1
802 5 920 921 922 923 924 2 1
803 6 866 867 868 869 870 871 42 1
804 5 861 862 863 864 865 49 1
805 5 1131 1132 1133 1134 1135 12 1
806 7 959 960 961 962 963 964 965 1 1
807 6 950 951 952 953 954 955 2 1
808 6 823 824 825 826 827 828 49 1
809 6 1338 1339 1340 1341 1342 1343 14 1
810 5 920 921 922 923 924 44 1
811 4 916 917 918 919 5 1
812 7 898 899 900 901 902 903 904 41 1
813 7 887 888 889 890 891 892 893 40 1
814 4 883 884 885 886 6 1
815 6 866 867 868 869 870 871 23 1
816 3 858 859 860 4 1
817 8 842 843 844 845 846 847 848 849 20 1
818 2 1420 1421 12 1
819 5 872 873 874 875 876 6 1
820 6 866 867 868 869 870 871 25 1
821 5 831 832 833 834 835 4 1
822 2 829 830 5 1
823 6 836 837 838 839 840 841 14 1
824 9 925 926 927 928 929 930 931 932 933 22 1
825 5 920 921 922 923 924 42 1
826 4 883 884 885 886 4 1
827 5 872 873 874 875 876 2 1
828 2 829 830 1 1
829 4 996 997 998 999 45 1
830 7 937 938 939 940 941 942 943 42 1
831 3 956 957 958 48 1
832 5 969 970 971 972 973 3 1
833 6 950 951 952 953 954 955 1 1
834 7 887 888 889 890 891 892 893 38 1
835 3 858 859 860 2 1
836 8 1255 1256 1257 1258 1259 1260 1261 1262 12 1
837 9 925 926 927 928 929 930 931 932 933 8 1
838 7 905 906 907 908 909 910 911 30 1
839 4 894 895 896 897 4 1
840 4 854 855 856 857 3 1
841 8 842 843 844 845 846 847 848 849 4 1
842 3 1184 1185 1186 13 1
843 5 969 970 971 972 973 42 1
844 3 966 967 968 34 1
845 3 956 957 958 30 1
846 6 950 951 952 953 954 955 36 1
847 7 905 906 907 908 909 910 911 26 1
848 7 898 899 900 901 902 903 904 21 1
849 6 866 867 868 869 870 871 3 1
850 6 1082 1083 1084 1085 1086 1087 13 1
851 2 974 975 46 1
852 9 925 926 927 928 929 930 931 932 933 23 1
853 3 858 859 860 3 1
854 5 861 862 863 864 865 11 1
855 4 996 997 998 999 29 1
856 6 986 987 988 989 990 991 43 1
857 5 969 970 971 972 973 43 1
858 8 1330 1331 1332 1333 1334 1335 1336 1337 14 1
859 4 912 913 914 915 39 1
860 7 887 888 889 890 891 892 893 36 1
861 5 1269 1270 1271 1272 1273 11 1
862 10 976 977 978 979 980 981 982 983 984 985 19 1
863 7 959 960 961 962 963 964 965 14 1
864 7 937 938 939 940 941 942 943 15 1
865 5 920 921 922 923 924 14 1
866 4 1219 1220 1221 1222 12 1
867 4 992 993 994 995 34 1
868 10 976 977 978 979 980 981 982 983 984 985 26 1
869 5 969 970 971 972 973 39 1
870 9 925 926 927 928 929 930 931 932 933 1 1
871 6 877 878 879 880 881 882 3 1
872 5 1283 1284 1285 1286 1287 13 1
873 2 974 975 43 1
874 7 959 960 961 962 963 964 965 40 1
875 3 934 935 936 21 1
876 9 925 926 927 928 929 930 931 932 933 20 1
877 7 887 888 889 890 891 892 893 14 1
878 4 992 993 994 995 31 1
879 3 956 957 958 24 1
880 6 950 951 952 953 954 955 30 1
881 6 944 945 946 947 948 949 24 1
882 7 898 899 900 901 902 903 904 15 1
883 4 1145 1146 1147 1148 12 1
884 4 996 997 998 999 42 1
885 4 992 993 994 995 51 1
886 4 894 895 896 897 14 1
887 3 1184 1185 1186 12 1
888 3 1007 1008 1009 21 1
889 10 976 977 978 979 980 981 982 983 984 985 9 1
890 3 966 967 968 14 1
891 7 959 960 961 962 963 964 965 4 1
892 5 920 921 922 923 924 4 1
893 7 898 899 900 901 902 903 904 1 1
894 3 1012 1013 1014 35 1
895 2 974 975 27 1
896 7 959 960 961 962 963 964 965 24 1
897 6 950 951 952 953 954 955 36 1
898 6 950 951 952 953 954 955 15 1
899 3 1012 1013 1014 14 1
900 3 1004 1005 1006 16 1
901 6 950 951 952 953 954 955 15 1
902 7 937 938 939 940 941 942 943 4 1
903 4 912 913 914 915 2 1
904 7 905 906 907 908 909 910 911 5 1
905 3 1210 1211 1212 14 1
906 3 1012 1013 1014 9 1
907 3 1007 1008 1009 15 1
908 3 1004 1005 1006 11 1
909 10 976 977 978 979 980 981 982 983 984 985 3 1
910 2 974 975 1 1
911 3 956 957 958 4 1
912 6 1344 1345 1346 1347 1348 1349 11 1
913 6 1018 1019 1020 1021 1022 1023 21 1
914 3 1012 1013 1014 12 1
915 5 969 970 971 972 973 19 1
916 4 1145 1146 1147 1148 15 1
917 3 1015 1016 1017 4 1
918 4 992 993 994 995 52 1
919 7 937 938 939 940 941 942 943 40 1
920 5 1131 1132 1133 1134 1135 62 1
921 4 1046 1047 1048 1049 18 1
922 3 1015 1016 1017 22 1
923 4 996 997 998 999 4 1
924 10 976 977 978 979 980 981 982 983 984 985 5 1
925 7 1036 1037 1038 1039 1040 1041 1042 14 1
926 7 1036 1037 1038 1039 1040 1041 1042 5 1
927 5 1031 1032 1033 1034 1035 1 1
928 3 1007 1008 1009 37 1
929 6 986 987 988 989 990 991 38 1
930 7 959 960 961 962 963 964 965 20 1
931 3 956 957 958 26 1
932 6 950 951 952 953 954 955 32 1
933 3 934 935 936 1 1
934 7 1036 1037 1038 1039 1040 1041 1042 11 1
935 7 1024 1025 1026 1027 1028 1029 1030 1 1
936 4 996 997 998 999 23 1
937 6 1154 1155 1156 1157 1158 1159 61 1
938 7 1036 1037 1038 1039 1040 1041 1042 48 1
939 3 1004 1005 1006 12 1
940 4 1000 1001 1002 1003 15 1
941 4 996 997 998 999 3 1
942 6 986 987 988 989 990 991 17 1
943 6 944 945 946 947 948 949 5 1
944 5 969 970 971 972 973 12 1
945 10 1059 1060 1061 1062 1063 1064 1065 1066 1067 1068 48 1
946 7 1036 1037 1038 1039 1040 1041 1042 43 1
947 3 1007 1008 1009 11 1
948 4 1000 1001 1002 1003 10 1
949 3 966 967 968 4 1
950 4 1293 1294 1295 1296 14 1
951 3 1043 1044 1045 42 1
952 2 1010 1011 4 1
953 3 1007 1008 1009 5 1
954 3 1004 1005 1006 1 1
955 4 1000 1001 1002 1003 4 1
956 4 1219 1220 1221 1222 13 1
957 10 1059 1060 1061 1062 1063 1064 1065 1066 1067 1068 48 1
958 3 1007 1008 1009 11 1
959 4 992 993 994 995 13 1
960 4 1104 1105 1106 1107 52 1
961 7 1024 1025 1026 1027 1028 1029 1030 36 1
962 6 1018 1019 1020 1021 1022 1023 20 1
963 3 1015 1016 1017 22 1
964 3 1004 1005 1006 13 1
965 5 969 970 971 972 973 18 1
966 7 1297 1298 1299 1300 1301 1302 1303 15 1
967 3 1012 1013 1014 1 1
968 6 986 987 988 989 990 991 8 1
969 4 1319 1320 1321 1322 14 1
970 4 1100 1101 1102 1103 47 1
971 4 1088 1089 1090 1091 43 1
972 4 1078 1079 1080 1081 41 1
973 3 1015 1016 1017 4 1
974 6 986 987 988 989 990 991 15 1
975 7 1024 1025 1026 1027 1028 1029 1030 33 1
976 4 1232 1233 1234 1235 13 1
977 6 1120 1121 1122 1123 1124 1125 5 1
978 5 1115 1116 1117 1118 1119 2 1
979 4 1088 1089 1090 1091 3 1
980 6 1082 1083 1084 1085 1086 1087 53 1
981 4 1046 1047 1048 1049 13 1
982 5 1031 1032 1033 1034 1035 36 1
983 7 1024 1025 1026 1027 1028 1029 1030 31 1
984 6 1018 1019 1020 1021 1022 1023 15 1
985 3 1015 1016 1017 17 1
986 6 1082 1083 1084 1085 1086 1087 40 1
987 4 1104 1105 1106 1107 34 1
988 4 1100 1101 1102 1103 47 1
989 4 1088 1089 1090 1091 43 1
990 3 1043 1044 1045 36 1
991 6 1018 1019 1020 1021 1022 1023 2 1
992 4 1403 1404 1405 1406 11 1
993 5 1115 1116 1117 1118 1119 46 1
994 4 1078 1079 1080 1081 46 1
995 3 1043 1044 1045 41 1
996 0 14 1
997 4 1100 1101 1102 1103 3 1
998 9 1069 1070 1071 1072 1073 1074 1075 1076 1077 2 1
999 4 1046 1047 1048 1049 14 1
1000 4 1279 1280 1281 1282 11 1
1001 4 1046 1047 1048 1049 2 1
1002 5 1031 1032 1033 1034 1035 25 1
1003 3 1007 1008 1009 1 1
1004 7 1306 1307 1308 1309 1310 1311 1312 11 1
1005 4 1145 1146 1147 1148 2 1
1006 3 1108 1109 1110 45 1
1007 2 1129 1130 47 1
1008 9 1050 1051 1052 1053 1054 1055 1056 1057 1058 39 1
1009 3 1015 1016 1017 5 1
1010 4 1197 1198 1199 1200 13 1
1011 3 1126 1127 1128 1 1
1012 4 1100 1101 1102 1103 54 1
1013 5 1131 1132 1133 1134 1135 51 1
1014 8 1092 1093 1094 1095 1096 1097 1098 1099 1 1
1015 7 1024 1025 1026 1027 1028 1029 1030 14 1
1016 4 1088 1089 1090 1091 39 1
1017 4 1078 1079 1080 1081 37 1
1018 2 1422 1423 14 1
1019 5 1149 1150 1151 1152 1153 1 1
1020 2 1129 1130 44 1
1021 6 1120 1121 1122 1123 1124 1125 52 1
1022 5 1031 1032 1033 1034 1035 21 1
1023 7 1024 1025 1026 1027 1028 1029 1030 16 1
1024 7 1036 1037 1038 1039 1040 1041 1042 13 1
1025 8 1160 1161 1162 1163 1164 1165 1166 1167 32 1
1026 5 1131 1132 1133 1134 1135 26 1
1027 6 1120 1121 1122 1123 1124 1125 36 1
1028 4 1100 1101 1102 1103 29 1
1029 10 1059 1060 1061 1062 1063 1064 1065 1066 1067 1068 18 1
1030 5 1031 1032 1033 1034 1035 5 1
1031 7 1168 1169 1170 1171 1172 1173 1174 32 1
1032 3 1108 1109 1110 17 1
1033 4 1104 1105 1106 1107 11 1
1034 3 1043 1044 1045 13 1
1035 7 1036 1037 1038 1039 1040 1041 1042 8 1
1036 4 1403 1404 1405 1406 15 1
1037 5 1149 1150 1151 1152 1153 27 1
1038 6 1120 1121 1122 1123 1124 1125 23 1
1039 4 1104 1105 1106 1107 3 1
1040 4 1100 1101 1102 1103 16 1
1041 10 1059 1060 1061 1062 1063 1064 1065 1066 1067 1068 5 1
1042 3 1043 1044 1045 5 1
1043 8 1092 1093 1094 1095 1096 1097 1098 1099 13 1
1044 5 1115 1116 1117 1118 1119 5 1
1045 9 1050 1051 1052 1053 1054 1055 1056 1057 1058 2 1
1046 3 1126 1127 1128 58 1
1047 2 1182 1183 5 1
1048 7 1175 1176 1177 1178 1179 1180 1181 1 1
1049 5 1149 1150 1151 1152 1153 2 1
1050 1 1432 15 1
1051 6 1154 1155 1156 1157 1158 1159 6 1
1052 4 1145 1146 1147 1148 14 1
1053 6 1120 1121 1122 1123 1124 1125 16 1
1054 5 1115 1116 1117 1118 1119 3 1
1055 3 1108 1109 1110 2 1
1056 8 1092 1093 1094 1095 1096 1097 1098 1099 11 1
1057 4 1088 1089 1090 1091 5 1
1058 9 1069 1070 1071 1072 1073 1074 1075 1076 1077 5 1
1059 5 1136 1137 1138 1139 1140 11 1
1060 2 1182 1183 24 1
1061 7 1168 1169 1170 1171 1172 1173 1174 19 1
1062 4 1145 1146 1147 1148 16 1
1063 5 1131 1132 1133 1134 1135 8 1
1064 6 1120 1121 1122 1123 1124 1125 18 1
1065 4 1100 1101 1102 1103 11 1
1066 6 1082 1083 1084 1085 1086 1087 4 1
1067 4 1078 1079 1080 1081 5 1
1068 9 1069 1070 1071 1072 1073 1074 1075 1076 1077 7 1
1069 5 1274 1275 1276 1277 1278 59 1
1070 2 1182 1183 17 1
1071 7 1168 1169 1170 1171 1172 1173 1174 12 1
1072 8 1160 1161 1162 1163 1164 1165 1166 1167 7 1
1073 5 1136 1137 1138 1139 1140 4 1
1074 2 1129 1130 3 1
1075 3 1126 1127 1128 15 1
1076 6 1120 1121 1122 1123 1124 1125 11 1
1077 8 1092 1093 1094 1095 1096 1097 1098 1099 6 1
1078 1 1292 59 1
1079 7 1175 1176 1177 1178 1179 1180 1181 22 1
1080 5 1131 1132 1133 1134 1135 3 1
1081 4 1100 1101 1102 1103 6 1
1082 2 1182 1183 20 1
1083 4 1187 1188 1189 1190 24 1
1084 2 1182 1183 20 1
1085 5 1136 1137 1138 1139 1140 7 1
1086 2 1129 1130 6 1
1087 4 1088 1089 1090 1091 3 1
1088 6 1313 1314 1315 1316 1317 1318 13 1
1089 3 1184 1185 1186 16 1
1090 5 1131 1132 1133 1134 1135 1 1
1091 4 1100 1101 1102 1103 4 1
1092 4 1391 1392 1393 1394 13 1
1093 5 1205 1206 1207 1208 1209 4 1
1094 3 1191 1192 1193 18 1
1095 4 1187 1188 1189 1190 15 1
1096 7 1168 1169 1170 1171 1172 1173 1174 6 1
1097 5 1149 1150 1151 1152 1153 9 1
1098 4 1141 1142 1143 1144 5 1
1099 3 1126 1127 1128 9 1
1100 7 1297 1298 1299 1300 1301 1302 1303 42 1
1101 6 1223 1224 1225 1226 1227 1228 43 1
1102 4 1187 1188 1189 1190 17 1
1103 4 1145 1146 1147 1148 5 1
1104 4 1201 1202 1203 1204 44 1
1105 4 1197 1198 1199 1200 30 1
1106 7 1168 1169 1170 1171 1172 1173 1174 21 1
1107 4 1141 1142 1143 1144 20 1
1108 6 1120 1121 1122 1123 1124 1125 14 1
1109 7 1236 1237 1238 1239 1240 1241 1242 42 1
1110 6 1154 1155 1156 1157 1158 1159 4 1
1111 1 1417 15 1
1112 3 1210 1211 1212 2 1
1113 5 1136 1137 1138 1139 1140 3 1
1114 3 1126 1127 1128 3 1
1115 5 1375 1376 1377 1378 1379 15 1
1116 7 1248 1249 1250 1251 1252 1253 1254 2 1
1117 4 1187 1188 1189 1190 23 1
1118 3 1184 1185 1186 18 1
1119 2 1182 1183 19 1
1120 3 1210 1211 1212 15 1
1121 4 1232 1233 1234 1235 40 1
1122 3 1210 1211 1212 15 1
1123 3 1184 1185 1186 5 1
1124 7 1168 1169 1170 1171 1172 1173 1174 1 1
1125 3 1126 1127 1128 4 1
1126 2 1304 1305 50 1
1127 3 1184 1185 1186 1 1
1128 7 1175 1176 1177 1178 1179 1180 1181 5 1
1129 4 1319 1320 1321 1322 15 1
1130 8 1255 1256 1257 1258 1259 1260 1261 1262 52 1
1131 5 1149 1150 1151 1152 1153 14 1
1132 7 1248 1249 1250 1251 1252 1253 1254 52 1
1133 3 1229 1230 1231 49 1
1134 6 1223 1224 1225 1226 1227 1228 46 1
1135 4 1187 1188 1189 1190 20 1
1136 7 1236 1237 1238 1239 1240 1241 1242 35 1
1137 4 1232 1233 1234 1235 47 1
1138 4 1187 1188 1189 1190 17 1
1139 7 1175 1176 1177 1178 1179 1180 1181 16 1
1140 8 1160 1161 1162 1163 1164 1165 1166 1167 3 1
1141 7 1306 1307 1308 1309 1310 1311 1312 62 1
1142 7 1236 1237 1238 1239 1240 1241 1242 28 1
1143 4 1232 1233 1234 1235 40 1
1144 2 1182 1183 6 1
1145 5 1243 1244 1245 1246 1247 32 1
1146 6 1263 1264 1265 1266 1267 1268 49 1
1147 3 1191 1192 1193 15 1
1148 2 1182 1183 8 1
1149 7 1236 1237 1238 1239 1240 1241 1242 24 1
1150 5 1243 1244 1245 1246 1247 26 1
1151 4 1201 1202 1203 1204 20 1
1152 3 1191 1192 1193 9 1
1153 7 1175 1176 1177 1178 1179 1180 1181 5 1
1154 7 1306 1307 1308 1309 1310 1311 1312 15 1
1155 4 1232 1233 1234 1235 50 1
1156 5 1205 1206 1207 1208 1209 9 1
1157 4 1201 1202 1203 1204 34 1
1158 2 1182 1183 16 1
1159 7 1168 1169 1170 1171 1172 1173 1174 11 1
1160 4 1381 1382 1383 1384 12 1
1161 1 1292 50 1
1162 8 1255 1256 1257 1258 1259 1260 1261 1262 48 1
1163 7 1236 1237 1238 1239 1240 1241 1242 32 1
1164 6 1213 1214 1215 1216 1217 1218 31 1
1165 5 1205 1206 1207 1208 1209 3 1
1166 3 1184 1185 1186 9 1
1167 2 1182 1183 10 1
1168 7 1306 1307 1308 1309 1310 1311 1312 61 1
1169 5 1269 1270 1271 1272 1273 1 1
1170 6 1263 1264 1265 1266 1267 1268 46 1
1171 6 1213 1214 1215 1216 1217 1218 26 1
1172 4 1201 1202 1203 1204 23 1
1173 3 1184 1185 1186 4 1
1174 2 1182 1183 5 1
1175 2 1385 1386 60 1
1176 5 1274 1275 1276 1277 1278 39 1
1177 5 1269 1270 1271 1272 1273 45 1
1178 6 1213 1214 1215 1216 1217 1218 18 1
1179 3 1210 1211 1212 6 1
1180 4 1197 1198 1199 1200 1 1
1181 4 1187 1188 1189 1190 1 1
1182 2 1420 1421 11 1
1183 4 1279 1280 1281 1282 39 1
1184 1 1380 15 1
1185 4 1288 1289 1290 1291 47 1
1186 6 1213 1214 1215 1216 1217 1218 22 1
1187 4 1201 1202 1203 1204 14 1
1188 5 1274 1275 1276 1277 1278 38 1
1189 4 1201 1202 1203 1204 14 1
1190 3 1191 1192 1193 3 1
1191 6 1213 1214 1215 1216 1217 1218 14 1
1192 8 1255 1256 1257 1258 1259 1260 1261 1262 31 1
1193 4 1201 1202 1203 1204 11 1
1194 8 1350 1351 1352 1353 1354 1355 1356 1357 14 1
1195 7 1297 1298 1299 1300 1301 1302 1303 1 1
1196 1 1292 2 1
1197 4 1381 1382 1383 1384 59 1
1198 4 1319 1320 1321 1322 51 1
1199 5 1269 1270 1271 1272 1273 44 1
1200 6 1263 1264 1265 1266 1267 1268 37 1
1201 6 1223 1224 1225 1226 1227 1228 12 1
1202 8 1330 1331 1332 1333 1334 1335 1336 1337 44 1
1203 1 1292 22 1
1204 8 1255 1256 1257 1258 1259 1260 1261 1262 20 1
1205 1 1431 11 1
1206 4 1279 1280 1281 1282 46 1
1207 5 1274 1275 1276 1277 1278 49 1
1208 4 1219 1220 1221 1222 1 1
1209 6 1213 1214 1215 1216 1217 1218 28 1
1210 7 1365 1366 1367 1368 1369 1370 1371 11 1
1211 6 1313 1314 1315 1316 1317 1318 44 1
1212 6 1263 1264 1265 1266 1267 1268 32 1
1213 4 1381 1382 1383 1384 42 1
1214 6 1344 1345 1346 1347 1348 1349 43 1
1215 5 1269 1270 1271 1272 1273 27 1
1216 5 1243 1244 1245 1246 1247 3 1
1217 7 1236 1237 1238 1239 1240 1241 1242 1 1
1218 6 1223 1224 1225 1226 1227 1228 9 1
1219 3 1372 1373 1374 13 1
1220 4 1288 1289 1290 1291 52 1
1221 7 1236 1237 1238 1239 1240 1241 1242 28 1
1222 6 1223 1224 1225 1226 1227 1228 36 1
1223 5 1274 1275 1276 1277 1278 12 1
1224 1 1380 2 1
1225 7 1358 1359 1360 1361 1362 1363 1364 37 1
1226 6 1338 1339 1340 1341 1342 1343 21 1
1227 4 1232 1233 1234 1235 4 1
1228 3 1229 1230 1231 3 1
1229 3 1372 1373 1374 44 1
1230 7 1248 1249 1250 1251 1252 1253 1254 3 1
1231 4 1232 1233 1234 1235 1 1
1232 3 1428 1429 1430 15 1
1233 7 1358 1359 1360 1361 1362 1363 1364 33 1
1234 8 1350 1351 1352 1353 1354 1355 1356 1357 26 1
1235 1 1292 6 1
1236 6 1338 1339 1340 1341 1342 1343 29 1
1237 5 1375 1376 1377 1378 1379 50 1
1238 7 1365 1366 1367 1368 1369 1370 1371 49 1
1239 7 1323 1324 1325 1326 1327 1328 1329 36 1
1240 7 1306 1307 1308 1309 1310 1311 1312 34 1
1241 1 1292 18 1
1242 4 1279 1280 1281 1282 17 1
1243 8 1255 1256 1257 1258 1259 1260 1261 1262 14 1
1244 4 1319 1320 1321 1322 31 1
1245 7 1297 1298 1299 1300 1301 1302 1303 5 1
1246 4 1293 1294 1295 1296 23 1
1247 8 1255 1256 1257 1258 1259 1260 1261 1262 14 1
1248 5 1269 1270 1271 1272 1273 12 1
1249 1 1390 37 1
1250 3 1372 1373 1374 41 1
1251 7 1365 1366 1367 1368 1369 1370 1371 35 1
1252 7 1358 1359 1360 1361 1362 1363 1364 31 1
1253 8 1330 1331 1332 1333 1334 1335 1336 1337 26 1
1254 8 1255 1256 1257 1258 1259 1260 1261 1262 2 1
1255 1 1380 47 1
1256 6 1344 1345 1346 1347 1348 1349 26 1
1257 2 1304 1305 10 1
1258 1 1292 2 1
1259 4 1288 1289 1290 1291 8 1
1260 4 1279 1280 1281 1282 1 1
1261 5 1269 1270 1271 1272 1273 10 1
1262 6 1263 1264 1265 1266 1267 1268 3 1
1263 1 1411 45 1
1264 5 1395 1396 1397 1398 1399 50 1
1265 3 1372 1373 1374 36 1
1266 4 1319 1320 1321 1322 14 1
1267 6 1313 1314 1315 1316 1317 1318 12 1
1268 4 1288 1289 1290 1291 5 1
1269 2 1420 1421 60 1
1270 1 1380 37 1
1271 6 1338 1339 1340 1341 1342 1343 3 1
1272 7 1323 1324 1325 1326 1327 1328 1329 10 1
1273 6 1313 1314 1315 1316 1317 1318 5 1
1274 7 1306 1307 1308 1309 1310 1311 1312 14 1
1275 4 1381 1382 1383 1384 21 1
1276 1 1380 43 1
1277 8 1350 1351 1352 1353 1354 1355 1356 1357 18 1
1278 7 1323 1324 1325 1326 1327 1328 1329 16 1
1279 6 1313 1314 1315 1316 1317 1318 14 1
1280 1 1411 47 1
1281 4 1381 1382 1383 1384 24 1
1282 5 1283 1284 1285 1286 1287 5 1
1283 4 1407 1408 1409 1410 41 1
1284 3 1387 1388 1389 27 1
1285 6 1338 1339 1340 1341 1342 1343 7 1
1286 8 1330 1331 1332 1333 1334 1335 1336 1337 18 1
1287 2 1304 1305 4 1
1288 4 1407 1408 1409 1410 39 1
1289 1 1417 51 1
1290 7 1365 1366 1367 1368 1369 1370 1371 25 1
1291 4 1293 1294 1295 1296 1 1
1292 4 1381 1382 1383 1384 23 1
1293 1 1431 13 1
1294 4 1407 1408 1409 1410 38 1
1295 7 1365 1366 1367 1368 1369 1370 1371 24 1
1296 7 1358 1359 1360 1361 1362 1363 1364 20 1
1297 3 1400 1401 1402 47 1
1298 2 1420 1421 2 1
1299 1 1411 5 1
1300 4 1403 1404 1405 1406 52 1
1301 5 1395 1396 1397 1398 1399 4 1
1302 3 1372 1373 1374 48 1
1303 7 1358 1359 1360 1361 1362 1363 1364 38 1
1304 1 1417 49 1
1305 7 1306 1307 1308 1309 1310 1311 1312 8 1
1306 7 1358 1359 1360 1361 1362 1363 1364 11 1
1307 1 1424 2 1
1308 1 1417 41 1
1309 1 1411 30 1
1310 4 1403 1404 1405 1406 25 1
1311 3 1372 1373 1374 21 1
1312 7 1323 1324 1325 1326 1327 1328 1329 2 1
1313 2 1426 1427 42 1
1314 5 1412 1413 1414 1415 1416 50 1
1315 2 1385 1386 10 1
1316 1 1380 32 1
1317 5 1375 1376 1377 1378 1379 19 1
1318 4 1319 1320 1321 1322 2 1
1319 4 1403 1404 1405 1406 26 1
1320 2 1418 1419 50 1
1321 1 1411 31 1
1322 1 1380 30 1
1323 3 1387 1388 1389 13 1
1324 5 1395 1396 1397 1398 1399 33 1
1325 2 1385 1386 5 1
1326 5 1375 1376 1377 1378 1379 14 1
1327 8 1350 1351 1352 1353 1354 1355 1356 1357 2 1
1328 6 1344 1345 1346 1347 1348 1349 6 1
1329 8 1330 1331 1332 1333 1334 1335 1336 1337 4 1
1330 2 1420 1421 46 1
1331 1 1431 5 1
1332 2 1418 1419 43 1
1333 3 1400 1401 1402 14 1
1334 3 1387 1388 1389 9 1
1335 2 1385 1386 1 1
1336 4 1381 1382 1383 1384 1 1
1337 6 1344 1345 1346 1347 1348 1349 2 1
1338 4 1403 1404 1405 1406 30 1
1339 1 1424 4 1
1340 2 1420 1421 2 1
1341 1 1380 34 1
1342 3 1372 1373 1374 26 1
1343 8 1350 1351 1352 1353 1354 1355 1356 1357 9 1
1344 3 1372 1373 1374 13 1
1345 0 1 1
1346 2 1426 1427 31 1
1347 1 1424 4 1
1348 2 1420 1421 44 1
1349 4 1391 1392 1393 1394 13 1
1350 1 1390 13 1
1351 1 1424 2 1
1352 4 1407 1408 1409 1410 25 1
1353 3 1400 1401 1402 16 1
1354 4 1391 1392 1393 1394 17 1
1355 3 1372 1373 1374 17 1
1356 7 1365 1366 1367 1368 1369 1370 1371 11 1
1357 7 1358 1359 1360 1361 1362 1363 1364 7 1
1358 2 1422 1423 50 1
1359 1 1431 53 1
1360 1 1417 30 1
1361 1 1411 19 1
1362 3 1400 1401 1402 9 1
1363 5 1395 1396 1397 1398 1399 24 1
1364 7 1365 1366 1367 1368 1369 1370 1371 4 1
1365 1 1411 15 1
1366 1 1432 4 1
1367 1 1431 49 1
1368 1 1417 26 1
1369 5 1412 1413 1414 1415 1416 32 1
1370 3 1400 1401 1402 5 1
1371 5 1375 1376 1377 1378 1379 1 1
1372 1 1432 54 1
1373 1 1432 2 1
1374 4 1403 1404 1405 1406 4 1
1375 1 1380 13 1
1376 1 1432 1 1
1377 1 1431 48 1
1378 4 1407 1408 1409 1410 13 1
1379 3 1400 1401 1402 4 1
1380 1 1417 12 1
1381 4 1391 1392 1393 1394 14 1
1382 0 2 1
1383 2 1420 1421 45 1
1384 3 1387 1388 1389 8 1
1385 2 1422 1423 54 1
1386 4 1391 1392 1393 1394 14 1
1387 1 1417 26 1
1388 2 1420 1421 37 1
1389 3 1400 1401 1402 5 1
1390 1 1417 24 1
1391 5 1395 1396 1397 1398 1399 14 1
1392 0 4 1
1393 1 1425 4 1
1394 4 1407 1408 1409 1410 8 1
1395 5 1412 1413 1414 1415 1416 12 1
1396 0 4 1
1397 1 1431 29 1
1398 3 1428 1429 1430 28 1
1399 2 1426 1427 4 1
1400 2 1422 1423 41 1
1401 1 1432 55 1
1402 2 1418 1419 29 1
1403 2 1422 1423 36 1
1404 0 5 1
1405 1 1431 39 1
1406 4 1407 1408 1409 1410 4 1
1407 5 1412 1413 1414 1415 1416 18 1
1408 1 1424 37 1
1409 5 1412 1413 1414 1415 1416 18 1
1410 1 1411 1 1
1411 2 1422 1423 31 1
1412 2 1422 1423 14 1
1413 0 46 1
1414 1 1432 28 1
1415 2 1422 1423 14 1
1416 2 1418 1419 2 1
1417 0 52 1
1418 2 1422 1423 12 1
1419 2 1420 1421 3 1
1420 1 1424 14 1
1421 2 1422 1423 9 1
1422 1 1432 14 1
1423 3 1428 1429 1430 2 1
1424 1 1425 12 1
1425 0 15 1
1426 3 1428 1429 1430 24 1
1427 1 1431 25 1
1428 0 30 1
1429 1 1432 12 1
1430 1 1431 1 1
1431 1 1432 11 1
1432 0 18 1
